SoftwareTimeStamp LeapTimeStamp  FrameID  HandDirection:X HandDirection:Y HandDirection:Z  PalmNorm:X PalmNorm:Y PalmNorm:Z  PalmPos:X PalmPos:Y PalmPos:Z  PalmVel:X PalmVel:Y PalmVel:Z Confidence
13072049357201  50139377897  214610  0.745644 0.544797 -0.383682 0.422967 -0.831896 -0.359233 -72.656 106.183 31.1131 -4.99181 4.75302 0.326755 0.770549
13072049357208  50139386588  214611  0.741613 0.553138 -0.379537 0.427259 -0.82565 -0.368445 -72.6343 105.798 30.9775 -2.99536 -8.31402 -3.91836 0.790355
13072049357212  50139395243  214612  0.740411 0.552888 -0.382238 0.429443 -0.826589 -0.36377 -72.7648 106.165 31.1036 -6.20594 5.1505 0.991582 0.793378
13072049357224  50139403895  214613  0.738199 0.557602 -0.379661 0.432738 -0.823176 -0.367586 -72.7905 105.982 31.0267 -5.34503 -1.80929 -1.62962 0.805512
13072049357230  50139412630  214614  0.728787 0.577953 -0.367204 0.444482 -0.807226 -0.388357 -72.6416 104.904 30.5794 0.648303 -34.3746 -14.9027 0.816638
13072049357242  50139421240  214615  0.726262 0.582505 -0.365009 0.446332 -0.803422 -0.394083 -72.6119 104.776 30.5784 1.38934 -29.2119 -10.9926 0.752679
13072049357246  50139429941  214616  0.724493 0.587343 -0.360747 0.446861 -0.798709 -0.402964 -72.5753 104.583 30.4492 2.14048 -27.3281 -12.0224 0.768132
13072049357257  50139438598  214617  0.723733 0.589893 -0.358102 0.446734 -0.796015 -0.408397 -72.5726 104.523 30.3805 1.65485 -21.9147 -10.9365 0.779049
13072049357272  50139447254  214618  0.723496 0.59059 -0.357431 0.445722 -0.795024 -0.411422 -72.5875 104.605 30.4163 0.756613 -13.5926 -6.93282 0.658952
13072049357273  50139455914  214619  0.723566 0.590741 -0.35704 0.44349 -0.794235 -0.41534 -72.6508 104.824 30.529 -1.38499 -3.26326 -1.63335 0.660072
13072049357287  50139464680  214620  0.724453 0.589128 -0.357906 0.440604 -0.795053 -0.416845 -72.8142 105.275 30.7051 -6.019 11.443 4.19997 0.669242
13072049357289  50139473240  214621  0.72544 0.586356 -0.360449 0.439607 -0.797679 -0.412861 -73.0787 105.892 30.9119 -12.5658 27.3819 9.45224 0.677432
13072049357303  50139481968  214622  0.726197 0.584207 -0.362408 0.439148 -0.799775 -0.409278 -73.306 106.375 31.0517 -16.1706 34.8576 11.2077 0.687406
13072049357307  50139490620  214623  0.725646 0.585269 -0.361798 0.439957 -0.798948 -0.410025 -73.3387 106.376 31.0369 -12.8811 25.6476 7.77786 0.712359
13072049357321  50139499279  214624  0.725233 0.586271 -0.361004 0.440457 -0.798064 -0.411207 -73.3837 106.386 30.9962 -10.8396 19.133 4.46352 0.732407
13072049357324  50139507952  214625  0.724896 0.586771 -0.360868 0.440408 -0.797581 -0.412195 -73.4499 106.477 30.9521 -9.98531 16.853 1.92129 0.751791
13072049357333  50139516641  214626  0.726258 0.584591 -0.361667 0.437993 -0.799017 -0.411987 -73.6507 106.905 30.8088 -13.4835 25.4844 -2.98493 0.769044
13072049357342  50139525341  214627  0.727116 0.584648 -0.359846 0.435669 -0.798057 -0.416291 -73.8015 107.051 30.5782 -14.5108 23.1414 -9.25854 0.786939
13072049357350  50139533946  214628  0.728537 0.579505 -0.36525 0.430891 -0.802196 -0.413296 -73.9639 107.834 30.4916 -15.6621 41.0936 -9.47332 0.787562
13072049357365  50139542637  214629  0.728945 0.577296 -0.367925 0.428265 -0.803855 -0.412803 -74.1419 108.348 30.2013 -16.9479 45.8832 -15.8519 0.805
13072049357369  50139551325  214630  0.728586 0.577699 -0.368003 0.427105 -0.803197 -0.415278 -74.3403 108.615 29.8104 -18.5149 41.8674 -23.6152 0.822026
13072049357383  50139559986  214631  0.727822 0.578416 -0.368387 0.428459 -0.802987 -0.414288 -74.7419 109.075 29.2661 -25.9184 44.835 -34.0427 0.837103
13072049357386  50139568682  214632  0.725703 0.578381 -0.372599 0.428995 -0.80379 -0.412171 -75.0371 109.52 28.9711 -28.0579 46.5348 -34.0084 0.849095
13072049357398  50139577340  214633  0.724289 0.577883 -0.376107 0.428639 -0.804645 -0.410872 -75.4314 109.982 28.4907 -32.7052 48.3354 -39.7163 0.862252
13072049357404  50139586088  214634  0.721853 0.574817 -0.385376 0.428069 -0.80842 -0.403997 -75.7241 110.813 28.0635 -32.9077 60.8594 -42.1593 0.868933
13072049357414  50139594666  214635  0.720163 0.57166 -0.393153 0.429278 -0.812313 -0.394801 -76.2092 111.63 27.3704 -39.1398 69.92 -52.346 0.879934
13072049357428  50139603397  214636  0.717766 0.569514 -0.400583 0.429206 -0.814903 -0.389505 -76.6614 112.237 26.6622 -42.5226 69.8206 -60.0417 0.889613
13072049357429  50139612021  214637  0.714783 0.56753 -0.40865 0.428513 -0.817212 -0.385411 -77.2041 112.831 26.0239 -47.929 69.5527 -63.7429 0.89819
13072049357447  50139620695  214638  0.712298 0.566864 -0.41388 0.426348 -0.817866 -0.386423 -77.9246 113.218 25.0889 -57.2774 62.9428 -75.4629 0.907072
13072049357448  50139629382  214639  0.708605 0.567019 -0.419963 0.422135 -0.817586 -0.391606 -78.5508 113.528 24.0954 -61.2237 55.6726 -85.8294 0.9152
13072049357459  50139638051  214640  0.705367 0.56574 -0.427078 0.415733 -0.818174 -0.397186 -79.31 113.936 23.0985 -68.2316 53.3857 -93.5861 0.922602
13072049357464  50139646739  214641  0.705015 0.55956 -0.435714 0.405802 -0.822157 -0.399228 -80.5686 114.731 21.7844 -88.6503 63.5349 -108.955 0.92274
13072049357477  50139655409  214642  0.696867 0.561506 -0.446193 0.402199 -0.821058 -0.405092 -81.334 114.957 20.8008 -88.553 53.57 -110.15 0.929485
13072049357481  50139664057  214643  0.688944 0.560855 -0.459128 0.396824 -0.821937 -0.408596 -82.2345 115.451 19.7682 -92.6873 54.5062 -112.605 0.935626
13072049357491  50139672711  214644  0.688306 0.548837 -0.474356 0.379834 -0.829772 -0.408906 -84.0315 116.788 18.2666 -123.218 81.071 -128.781 0.871711
13072049357499  50139681424  214645  0.680484 0.547908 -0.486558 0.368205 -0.829762 -0.419428 -85.47 117.051 16.7325 -134.404 67.4568 -141.412 0.768408
13072049357508  50139690037  214646  0.662478 0.555125 -0.50295 0.372901 -0.826714 -0.421295 -86.0663 117.129 15.7215 -117.168 52.0315 -135.057 0.788268
13072049357523  50139698738  214647  0.645438 0.558054 -0.521522 0.374512 -0.826298 -0.42068 -87.1459 117.579 14.326 -119.012 51.9397 -141.813 0.806815
13072049357524  50139707396  214648  0.625173 0.559905 -0.543751 0.376379 -0.826599 -0.418417 -88.4655 118.137 12.8625 -127.886 55.2527 -149.046 0.823199
13072049357538  50139716103  214649  0.605402 0.560237 -0.565352 0.370463 -0.827023 -0.422835 -89.7644 118.564 11.2303 -133.568 53.5975 -159.301 0.838696
13072049357542  50139724793  214650  0.587514 0.555857 -0.588091 0.360784 -0.830444 -0.424497 -91.2748 119.115 9.50078 -144.294 56.2143 -169.888 0.852782
13072049357554  50139733435  214651  0.567994 0.551213 -0.611185 0.35139 -0.833929 -0.425543 -92.8304 119.702 7.62854 -153.767 59.3189 -182.29 0.86559
13072049357559  50139742082  214652  0.548772 0.5462 -0.632862 0.342446 -0.837483 -0.425856 -94.4951 120.15 6.07077 -164.051 57.3346 -181.723 0.877294
13072049357569  50139750739  214653  0.54422 0.524944 -0.654414 0.325741 -0.851066 -0.4118 -97.2326 121.672 3.64346 -204.476 88.7987 -207.933 0.880192
13072049357577  50139759426  214654  0.52392 0.516129 -0.677583 0.314919 -0.856511 -0.40892 -98.5201 122.313 1.76744 -189.484 84.7982 -210.071 0.890669
13072049357586  50139768141  214655  0.50623 0.509827 -0.695563 0.306415 -0.86025 -0.407529 -99.6345 122.607 -0.0962633 -173.023 71.1592 -211.081 0.900261
13072049357601  50139776782  214656  0.490918 0.502678 -0.711557 0.29704 -0.864388 -0.405711 -100.962 122.893 -1.57791 -167.87 61.0827 -200.574 0.908941
13072049357603  50139785445  214657  0.477354 0.495087 -0.725963 0.288152 -0.86868 -0.402943 -102.553 123.123 -2.9652 -172.067 51.8829 -189.826 0.916884
13072049357617  50139794159  214658  0.463672 0.485183 -0.741354 0.276054 -0.874196 -0.399468 -103.919 123.53 -4.67922 -167.98 50.5209 -191.662 0.924175
13072049357620  50139802810  214659  0.45252 0.476896 -0.753522 0.266455 -0.878696 -0.3961 -105.209 123.725 -6.00463 -162.967 43.0877 -181.453 0.930781
13072049357634  50139811488  214660  0.441541 0.469879 -0.764366 0.256619 -0.882454 -0.394234 -106.174 123.962 -7.21704 -149.205 38.8781 -170.341 0.936829
13072049357637  50139820123  214661  0.433268 0.463733 -0.772807 0.246243 -0.885753 -0.393454 -107.074 124.112 -8.17882 -137.259 33.1944 -154.712 0.942322
13072049357651  50139828785  214662  0.427277 0.458372 -0.779314 0.236765 -0.888604 -0.392842 -107.819 124.232 -8.91591 -123.654 28.0312 -136.209 0.947353
13072049357663  50139837516  214663  0.423173 0.454473 -0.783824 0.22943 -0.890655 -0.39255 -108.367 124.305 -9.43693 -107.346 22.7882 -115.729 0.95198
13072049357664  50139846135  214664  0.420895 0.45209 -0.786423 0.224727 -0.891897 -0.39245 -108.691 124.344 -9.75421 -88.8819 17.957 -94.8432 0.956131
13072049357679  50139854824  214665  0.419738 0.451738 -0.787243 0.222452 -0.892094 -0.393298 -108.886 124.293 -9.96701 -71.1845 11.5847 -76.0947 0.95755
13072049357681  50139863495  214666  0.419328 0.451632 -0.787523 0.221836 -0.892152 -0.393515 -108.907 124.272 -10.0254 -52.8858 7.87791 -57.6439 0.960968
13072049357707  50139889495  214667  0.432106 0.443421 -0.785279 0.225566 -0.896232 -0.381953 -108.847 125.178 -9.46123 -19.5477 24.1636 -9.68874 0.968476
13072049357715  50139898179  214668  0.435972 0.443666 -0.783 0.227775 -0.896108 -0.380931 -108.603 125.389 -9.07531 -6.8393 24.2207 4.72922 0.971124
13072049357726  50139906860  214669  0.445105 0.448596 -0.775012 0.234946 -0.893655 -0.382336 -108.003 125.646 -8.14898 13.3905 25.6381 31.884 0.972828
13072049357733  50139915571  214670  0.456724 0.45297 -0.765651 0.241833 -0.891468 -0.383147 -107.064 126.34 -6.86377 38.5909 40.0693 62.7714 0.974544
13072049357742  50139924229  214671  0.469028 0.462602 -0.752338 0.249506 -0.886552 -0.389579 -105.783 126.869 -5.33415 67.6572 45.6533 93.0322 0.976695
13072049357757  50139932893  214672  0.482847 0.470956 -0.738282 0.253757 -0.882147 -0.396768 -104.056 127.668 -3.55953 102.642 58.0415 122.751 0.978725
13072049357759  50139941536  214673  0.502124 0.480404 -0.719086 0.263429 -0.87696 -0.401928 -102.727 128.212 -1.72013 116.222 59.34 146.645 0.979983
13072049357773  50139950196  214674  0.521273 0.49195 -0.697323 0.274168 -0.870344 -0.409063 -101.106 128.92 0.307808 135.085 65.282 169.904 0.981728
13072049357776  50139958856  214675  0.543282 0.502539 -0.672532 0.28432 -0.863858 -0.415826 -99.3344 129.726 2.36217 153.539 72.6873 187.793 0.983321
13072049357790  50139967564  214676  0.566258 0.517174 -0.641781 0.297238 -0.854383 -0.426238 -97.7921 129.937 4.64372 159.833 59.7516 207.607 0.984782
13072049357793  50139976228  214677  0.58998 0.529226 -0.609789 0.311232 -0.845933 -0.43305 -96.0781 130.441 6.94085 169.932 59.3127 222.9 0.98611
13072049357805  50139984885  214678  0.612379 0.542865 -0.574709 0.325605 -0.835631 -0.442383 -94.1577 130.803 9.3048 183.722 54.6652 236.227 0.987321
13072049357811  50139993632  214679  0.63427 0.556655 -0.536504 0.338403 -0.823843 -0.454716 -92.2224 130.972 11.4482 193.778 45.2033 238.59 0.988437
13072049357819  50140002231  214680  0.657093 0.564515 -0.499551 0.354102 -0.816191 -0.456558 -90.6354 131.511 13.4178 191.343 49.8279 236.071 0.989439
13072049357834  50140010931  214681  0.678087 0.574199 -0.458795 0.36812 -0.805616 -0.464187 -88.9265 131.811 15.4435 192.699 45.7326 235.208 1
13072049357837  50140019601  214682  0.693965 0.587648 -0.416033 0.384905 -0.791105 -0.475396 -87.2881 131.702 17.5748 191.707 30.2208 238.033 1
13072049357853  50140028363  214683  0.709908 0.596304 -0.374769 0.403706 -0.780554 -0.477238 -86.1761 131.98 19.4116 174.316 30.6327 230.41 1
13072049357854  50140036944  214684  0.723839 0.602326 -0.336542 0.417019 -0.77051 -0.48209 -84.8971 132.357 21.5013 167.655 34.1275 233.868 1
13072049357870  50140045643  214685  0.735334 0.609372 -0.296563 0.428926 -0.757274 -0.492503 -83.7111 132.346 23.4544 159.303 24.6918 231.374 1
13072049357871  50140054302  214686  0.745491 0.612989 -0.261701 0.443674 -0.749402 -0.491477 -82.7525 132.844 25.3776 146.388 33.4175 228.911 1
13072049357883  50140062948  214687  0.75258 0.616363 -0.231775 0.465804 -0.747078 -0.474237 -81.9123 133.513 27.265 133.329 45.065 226.094 0.969779
13072049357889  50140071687  214688  0.764649 0.610348 -0.206851 0.478991 -0.752993 -0.451187 -81.6284 134.806 29.2008 106.324 72.6217 224.87 0.926359
13072049357906  50140080260  214689  0.769293 0.612063 -0.183215 0.489539 -0.748964 -0.446547 -81.0857 135.051 30.586 94.991 61.0217 208.193 0.897599
13072049357916  50140088980  214690  0.772657 0.613989 -0.161303 0.498293 -0.744009 -0.445146 -80.7987 135.398 31.68 78.3971 55.332 186.079 0.899392
13072049357917  50140097669  214691  0.771136 0.621202 -0.139492 0.503646 -0.729224 -0.463221 -80.3559 134.758 32.6818 71.0864 20.9857 167.214 0.896787
13072049357931  50140106303  214692  0.770235 0.625803 -0.122912 0.509362 -0.719609 -0.471926 -80.1022 134.448 33.6406 60.0342 5.8796 152.328 0.789391
13072049357932  50140115008  214693  0.770554 0.627774 -0.11021 0.51291 -0.713392 -0.477488 -80.0697 134.428 34.0991 45.0067 3.72042 125.729 0.803071
13072049357945  50140123630  214694  0.764782 0.637178 -0.0954586 0.523867 -0.701225 -0.483576 -80.0594 133.875 34.4098 33.4062 -14.261 101.984 0.811862
13072049357949  50140132339  214695  0.761401 0.64264 -0.0853391 0.529348 -0.692297 -0.490424 -80.1042 133.591 34.5359 23.1132 -19.1654 78.619 0.819166
13072049357962  50140140981  214696  0.761746 0.643121 -0.078344 0.532523 -0.690398 -0.489662 -80.4304 133.83 34.5202 6.97172 -6.74027 57.2834 0.725335
13072049357966  50140149653  214697  0.755045 0.651861 -0.070591 0.54366 -0.682601 -0.488355 -80.8225 133.428 34.4082 -6.91444 -17.2672 38.6069 0.726653
13072049357977  50140158358  214698  0.74912 0.659319 -0.0641704 0.557397 -0.679717 -0.476753 -81.396 133.585 33.77 -22.6512 -7.86514 8.73355 0.733639
13072049357991  50140167028  214699  0.743043 0.666551 -0.0599702 0.5638 -0.671734 -0.480524 -81.9197 133.474 32.5547 -32.6953 -9.16715 -30.8729 0.754073
13072049357992  50140175662  214700  0.739059 0.670433 -0.0656652 0.562779 -0.668064 -0.486797 -82.6217 133.504 31.1965 -45.5786 -5.8095 -64.3847 0.760622
13072049358010  50140184399  214701  0.732435 0.676681 -0.0751112 0.560854 -0.66222 -0.496897 -83.4887 133.444 29.2676 -59.945 -6.10545 -106.258 0.781673
13072049358011  50140193020  214702  0.725315 0.682595 -0.0893488 0.555341 -0.656858 -0.510033 -84.399 133.131 26.9109 -72.0278 -14.0764 -150.493 0.799549
13072049358024  50140201704  214703  0.715755 0.689654 -0.109869 0.550998 -0.654358 -0.517897 -85.3965 133.106 24.4544 -83.4366 -11.1043 -185.754 0.816372
13072049358027  50140210378  214704  0.700935 0.7005 -0.134126 0.550767 -0.651102 -0.522227 -86.2066 133.025 21.8293 -86.0876 -10.6465 -216.858 0.832058
13072049358040  50140219055  214705  0.690939 0.703271 -0.167371 0.538275 -0.655035 -0.530273 -87.1247 133.372 19.4995 -91.3362 2.84962 -230.603 0.846672
13072049358045  50140227767  214706  0.679436 0.704302 -0.20573 0.522887 -0.66147 -0.537631 -88.0125 133.803 17.2266 -94.1591 15.2836 -238.694 0.859396
13072049358053  50140236394  214707  0.663304 0.707117 -0.244976 0.511362 -0.667283 -0.541518 -89.108 133.899 14.8037 -102.854 14.1801 -249.861 0.871612
13072049358070  50140245079  214708  0.646288 0.707218 -0.286627 0.495666 -0.674641 -0.546968 -90.3642 134.006 12.558 -113.986 13.6994 -252.181 0.882674
13072049358071  50140253750  214709  0.624377 0.708124 -0.329717 0.482638 -0.681626 -0.549951 -91.5176 133.721 10.4986 -119.047 1.32289 -248.277 0.892918
13072049358085  50140262376  214710  0.602038 0.705652 -0.37364 0.469365 -0.691319 -0.54934 -92.7513 133.314 8.62978 -125.399 -11.5478 -239.901 0.902215
13072049358088  50140271084  214711  0.579287 0.699054 -0.419226 0.455254 -0.704086 -0.544983 -94.0107 132.966 6.88185 -130.531 -19.137 -229.442 0.910787
13072049358101  50140279764  214712  0.557575 0.688167 -0.464258 0.440474 -0.719301 -0.537205 -94.9682 132.69 5.45929 -125.148 -22.4837 -211.988 0.918584
13072049358105  50140288455  214713  0.533652 0.679166 -0.503933 0.433101 -0.731281 -0.526927 -95.9474 132.172 4.23667 -121.821 -32.3921 -192.981 0.924895
13072049358117  50140297116  214714  0.527844 0.652232 -0.544034 0.415398 -0.756948 -0.504454 -98.4526 132.122 2.86434 -166.318 -25.3179 -183.804 0.685296
13072049358123  50140305781  214715  0.448563 0.623382 -0.640457 0.372872 -0.78178 -0.499785 -95.044 129.718 -0.156853 -17.5145 -92.357 -227.634 0.653032
13072049358133  50140314414  214716  0.413438 0.596533 -0.687908 0.319486 -0.802507 -0.503896 -94.6948 127.783 -2.20871 -2.15435 -127.256 -230.296 0.677415
13072049358148  50140323103  214717  0.401972 0.581593 -0.707226 0.309745 -0.813209 -0.492696 -94.8367 127.255 -2.49169 -5.93103 -109.545 -177.603 0.700041
13072049358149  50140331766  214718  0.39984 0.571884 -0.716294 0.3092 -0.81983 -0.481948 -95.2199 126.858 -2.28147 -16.113 -92.6099 -123.944 0.723516
13072049358165  50140340546  214719  0.399225 0.563463 -0.723276 0.31186 -0.825285 -0.470795 -95.3473 126.518 -1.86659 -15.6831 -78.1368 -77.9147 0.745672
13072049358166  50140349120  214720  0.40412 0.553721 -0.728066 0.318641 -0.83132 -0.455384 -95.4805 126.342 -1.03664 -15.6417 -62.9513 -31.8821 0.763097
13072049358181  50140357791  214721  0.412637 0.547078 -0.728311 0.328546 -0.835122 -0.441167 -95.4038 126.273 0.138524 -9.12992 -48.3239 12.6523 0.7807
13072049358183  50140366462  214722  0.424255 0.545859 -0.722527 0.341255 -0.835444 -0.430787 -95.0484 126.296 1.90899 4.20438 -34.7417 63.6032 0.796191
13072049358195  50140375128  214723  0.441523 0.551009 -0.708128 0.357405 -0.831911 -0.424482 -94.4498 126.448 3.68425 21.452 -20.8501 101.16 0.812054
13072049358201  50140383851  214724  0.461354 0.561848 -0.686643 0.37699 -0.824732 -0.421541 -93.6356 126.658 5.72285 40.6731 -8.84025 136.6 0.824297
13072049358221  50140392503  214725  0.485655 0.574759 -0.658628 0.395155 -0.816421 -0.421081 -93.1244 126.942 7.88911 45.5627 2.22216 166.81 0.835519
13072049358230  50140401143  214726  0.508911 0.589205 -0.627572 0.410393 -0.806924 -0.424796 -92.0057 127.521 10.1294 67.818 19.4124 191.336 0.846705
13072049358232  50140409839  214727  0.531174 0.608452 -0.58961 0.427936 -0.793278 -0.433105 -90.3931 127.788 12.3626 99.1834 22.4028 208.796 0.856947
13072049358246  50140418515  214728  0.563414 0.616852 -0.549598 0.438977 -0.787074 -0.433376 -89.677 128.407 14.5782 94.7542 35.4389 221.193 0.861114
13072049358248  50140427186  214729  0.59231 0.625202 -0.508224 0.445733 -0.779726 -0.439716 -88.4941 129.24 16.8351 105.836 51.5574 231.592 0.872171
13072049358263  50140435817  214730  0.618613 0.634112 -0.463918 0.452326 -0.770219 -0.449627 -87.0745 129.776 19.3055 121.376 54.3583 246.065 0.881084
13072049358272  50140444507  214731  0.646077 0.638935 -0.417548 0.461597 -0.762748 -0.452928 -86.2578 130.38 21.2327 114.076 58.3948 239.592 0.888951
13072049358274  50140453164  214732  0.668344 0.643025 -0.373944 0.468623 -0.754388 -0.459665 -85.2423 130.939 23.0515 114.931 60.0444 231.758 0.898281
13072049358278  50140461864  214733  0.687533 0.646576 -0.330512 0.476839 -0.745272 -0.466041 -84.1216 131.414 24.9454 118.638 58.585 228.005 0.906589
13072049358288  50140470499  214734  0.707072 0.644264 -0.291503 0.484147 -0.741513 -0.464501 -83.4265 132.494 26.8608 108.527 76.2115 226.362 0.908641
13072049358304  50140479196  214735  0.717965 0.647538 -0.255384 0.490592 -0.731006 -0.474289 -82.6377 132.763 28.2545 103.771 64.1202 208.732 0.913112
13072049358305  50140487853  214736  0.728283 0.64687 -0.226192 0.494165 -0.724424 -0.480636 -82.1526 133.478 29.644 91.0907 69.038 195.92 0.919104
13072049358320  50140496549  214737  0.735693 0.646666 -0.20144 0.506981 -0.722977 -0.469335 -82.042 134.055 30.9715 70.1915 68.3346 184.382 0.746483
13072049358322  50140505208  214738  0.735691 0.652739 -0.180806 0.522738 -0.716933 -0.46125 -81.9176 134.159 31.6909 55.3565 53.3745 157.466 0.607198
13072049358335  50140513853  214739  0.735465 0.656541 -0.167465 0.530965 -0.711998 -0.459495 -81.8711 134.393 32.0424 42.0966 46.3749 126.475 0.555479
13072049358339  50140522579  214740  0.735539 0.658195 -0.160506 0.532697 -0.708261 -0.463248 -81.836 134.486 32.0902 31.9147 36.8323 94.1109 0.584133
13072049358351  50140531238  214741  0.734695 0.660456 -0.154986 0.533374 -0.703534 -0.469629 -81.9284 134.538 32.1235 20.5994 28.6311 70.1285 0.607693
13072049358356  50140539893  214742  0.733853 0.66302 -0.147863 0.531681 -0.696082 -0.482479 -82.341 134.822 32.0599 2.46469 29.7383 49.5503 0.635155
13072049358368  50140548569  214743  0.730066 0.668881 -0.140008 0.528818 -0.682732 -0.504211 -83.3118 135.184 31.4891 -27.9706 32.9223 18.8531 0.650375
13072049358383  50140557235  214744  0.724297 0.674861 -0.141271 0.523306 -0.671471 -0.524668 -84.8553 135.932 30.5181 -67.891 47.1431 -15.9527 0.660462
13072049358384  50140565915  214745  0.716152 0.680941 -0.153116 0.515733 -0.664112 -0.541271 -86.0276 136.329 29.0689 -85.776 46.7567 -56.1594 0.682405
13072049358398  50140574589  214746  0.7073 0.685247 -0.173674 0.507478 -0.663227 -0.550087 -87.4318 137.045 27.2286 -106.027 56.2893 -97.6719 0.708776
13072049358400  50140583288  214747  0.691441 0.69345 -0.202576 0.498097 -0.660706 -0.561575 -88.5417 137.145 25.2773 -111.779 44.3332 -131.454 0.731445
13072049358414  50140591948  214748  0.677141 0.696523 -0.237352 0.484741 -0.6649 -0.568273 -90.1203 137.575 22.582 -130.516 45.7448 -179.227 0.747613
13072049358417  50140600619  214749  0.662637 0.695043 -0.278977 0.46391 -0.673344 -0.57567 -91.8515 138.043 19.8524 -148.909 47.9423 -215.289 0.763994
13072049358429  50140609242  214750  0.667294 0.67161 -0.32196 0.426348 -0.698897 -0.574256 -95.2201 139.403 17.2198 -212.912 77.0113 -239.122 0.494835
13072049358435  50140617953  214751  0.633729 0.680409 -0.36801 0.415337 -0.700639 -0.580173 -95.5522 138.738 14.6529 -166.233 36.0429 -253.957 0.538362
13072049358445  50140626622  214752  0.604648 0.680773 -0.413459 0.400005 -0.708432 -0.581481 -96.2996 138.275 12.0054 -144.952 12.2464 -267.639 0.578538
13072049358460  50140635304  214753  0.576314 0.675702 -0.459663 0.380451 -0.71963 -0.580852 -97.3235 138.009 9.5282 -137.757 0.839539 -272.349 0.61472
13072049358462  50140643959  214754  0.585794 0.639174 -0.498299 0.346851 -0.753401 -0.558642 -101.902 139.282 6.60605 -241.672 39.663 -289.687 0.496673
13072049358476  50140652672  214755  0.551476 0.633862 -0.542304 0.3302 -0.762867 -0.555879 -102.028 138.107 5.29519 -180.985 -6.9439 -252.494 0.5406
13072049358478  50140661330  214756  0.522057 0.634209 -0.570294 0.328926 -0.766629 -0.551442 -102.233 137.355 4.22863 -139.17 -28.1777 -218.14 0.570464
13072049358492  50140669977  214757  0.499965 0.629739 -0.594528 0.327708 -0.773006 -0.543203 -102.445 136.752 3.35699 -108.752 -39.2158 -187 0.607112
13072049358495  50140678645  214758  0.484162 0.624599 -0.61275 0.32975 -0.77892 -0.533431 -102.454 136.462 2.71826 -80.1163 -37.6637 -156.866 0.639967
13072049358506  50140687325  214759  0.475683 0.621063 -0.622901 0.331276 -0.7825 -0.527209 -102.45 136.318 2.36482 -58.6552 -32.0611 -125.941 0.670751
13072049358513  50140695998  214760  0.471322 0.61999 -0.627271 0.336033 -0.783813 -0.522224 -102.37 136.167 2.18622 -40.6076 -28.1478 -97.9108 0.699203
13072049358533  50140704638  214761  0.469488 0.619766 -0.628865 0.340195 -0.784225 -0.518901 -102.19 136.131 2.24062 -24.3117 -21.7951 -70.2742 0.725139
13072049358543  50140713301  214762  0.470353 0.621762 -0.626244 0.348673 -0.782837 -0.515357 -101.638 136.196 2.60269 -0.90448 -14.0088 -40.485 0.748708
13072049358544  50140721993  214763  0.478824 0.628609 -0.612845 0.365485 -0.777435 -0.511875 -101.058 136.546 3.48293 17.1133 0.450196 -2.69761 0.76993
13072049358547  50140730674  214764  0.492965 0.639737 -0.58968 0.382668 -0.768104 -0.513402 -99.7383 137.213 5.32937 53.0484 20.7987 54.6585 0.789712
13072049358556  50140739407  214765  0.511116 0.657331 -0.553784 0.40374 -0.752407 -0.520459 -98.4015 137.967 7.70173 79.8201 38.3399 112.735 0.805986
13072049358571  50140748047  214766  0.532148 0.673421 -0.51315 0.420158 -0.736245 -0.530482 -96.9197 138.478 10.222 104.137 43.8456 160.197 0.822808
13072049358573  50140756719  214767  0.557196 0.685827 -0.468161 0.435164 -0.72134 -0.538795 -95.895 139.3 12.7133 107.867 57.4119 194.007 0.837398
13072049358588  50140765361  214768  0.580914 0.695059 -0.423594 0.443394 -0.706636 -0.551423 -94.4865 139.992 15.316 122.488 63.4173 222.434 0.851345
13072049358591  50140774031  214769  0.604558 0.701331 -0.377683 0.454473 -0.693088 -0.559539 -93.15 140.711 17.9401 130.911 68.5968 243.774 0.864027
13072049358602  50140782707  214770  0.629939 0.70159 -0.33309 0.463823 -0.683851 -0.563219 -92.426 141.661 20.2526 118.278 79.4858 249.833 0.870184
13072049358616  50140791361  214771  0.668824 0.683639 -0.292083 0.456973 -0.687959 -0.563816 -93.0296 143.202 22.6336 68.3423 105.673 256.552 0.652189
13072049358617  50140800054  214772  0.684918 0.683003 -0.253762 0.468773 -0.679692 -0.564155 -92.2612 143.839 24.7487 73.6885 97.0521 253.022 0.679205
13072049358633  50140808854  214773  0.693978 0.685672 -0.219658 0.482507 -0.669338 -0.564955 -91.2195 144.285 26.6085 85.7261 84.5325 241.795 0.70287
13072049358634  50140817393  214774  0.702503 0.685401 -0.191611 0.491774 -0.662125 -0.565463 -90.5631 144.756 28.32 83.4023 76.8383 230.933 0.71654
13072049358649  50140826108  214775  0.70838 0.685836 -0.166811 0.499674 -0.654193 -0.567765 -90.0588 145.088 29.6621 76.579 66.472 210.38 0.699313
13072049358650  50140834746  214776  0.71206 0.686262 -0.148374 0.50782 -0.649313 -0.566137 -89.826 145.337 30.6427 63.4196 56.4993 184.698 0.672416
13072049358666  50140843394  214777  0.712858 0.688197 -0.134972 0.516351 -0.645277 -0.563028 -89.6916 145.464 31.3231 50.712 45.395 156.559 0.677008
13072049358669  50140852076  214778  0.730537 0.672145 -0.12057 0.506583 -0.651827 -0.564355 -91.3342 146.547 32.2745 -13.1763 66.5208 144.047 0.324015
13072049358680  50140860766  214779  0.729743 0.673282 -0.119022 0.507912 -0.650359 -0.564853 -91.3836 146.58 32.7109 -11.1815 49.8278 119.04 0.365677
13072049358700  50140869521  214780  0.727798 0.67518 -0.120177 0.509539 -0.649668 -0.564182 -91.4627 146.638 32.8118 -10.6056 38.2428 90.2037 0.379859
13072049358730  50140878137  214781  0.723026 0.679995 -0.121817 0.514351 -0.64761 -0.562178 -91.783 146.697 32.512 -17.6353 29.9299 57.1324 0.403818
13072049358756  50140904130  214784  0.685204 0.706055 -0.178836 0.525829 -0.649434 -0.549308 -93.9677 147.224 27.9212 -59.5122 23.6375 -94.0094 0.518394
13072049358767  50140938811  214788  0.620125 0.703918 -0.346331 0.469374 -0.686644 -0.555164 -98.4003 146.211 17.1544 -111.572 -21.4242 -252.077 0.664733
13072049358783  50140947500  214789  0.600759 0.696847 -0.391782 0.450415 -0.699933 -0.554275 -99.6288 145.532 14.4735 -119.515 -36.5439 -267.124 0.694062
13072049358812  50140965589  214791  0.561335 0.677392 -0.47544 0.417705 -0.727845 -0.543842 -101.757 144.034 10.4327 -117.698 -58.9786 -244.38 0.74603
13072049358835  50140990863  214792  0.518742 0.645406 -0.560676 0.397918 -0.762719 -0.509824 -102.964 142.397 7.21329 -76.1596 -62.4232 -174.879 0.802424
13072049358853  50141008187  214794  0.509099 0.633716 -0.582428 0.394066 -0.773211 -0.496847 -103.422 141.97 6.41447 -52.7224 -44.3823 -114.41 0.833075
13072049358887  50141034230  214797  0.507784 0.631741 -0.585712 0.401236 -0.775073 -0.488131 -102.895 142.049 6.8172 -5.69859 -14.2065 -32.8539 0.870379
13072049358900  50141068878  214801  0.548541 0.67379 -0.495085 0.451629 -0.737078 -0.502739 -98.4855 143.722 13.7838 90.821 32.9053 141.093 0.90906
13072049358903  50141077579  214802  0.568429 0.681809 -0.460461 0.459604 -0.727353 -0.509629 -97.4209 144.495 16.0557 99.2333 47.8252 173.113 0.915617
13072049358905  50141086267  214803  0.585095 0.692745 -0.421626 0.47066 -0.713457 -0.519093 -96.3222 145.215 18.4539 106.489 57.1681 200.539 0.919026
13072049358913  50141094895  214804  0.604674 0.697731 -0.384112 0.481195 -0.704328 -0.521894 -95.2425 146.084 20.7267 111.428 68.714 217.196 0.925388
13072049358922  50141103589  214805  0.619674 0.705471 -0.343969 0.493078 -0.690897 -0.528712 -94.3478 146.472 22.7154 109.157 62.2906 220.276 0.927209
13072049358930  50141112247  214806  0.639374 0.704527 -0.307965 0.501625 -0.685757 -0.527361 -94.2515 147.091 24.7685 83.1126 64.7171 224.753 0.847674
13072049358971  50141120944  214807  0.664492 0.695022 -0.27458 0.504681 -0.688352 -0.521026 -94.9624 148.271 27.247 39.1448 83.6516 240.818 0.692743
13072049358992  50141146934  214810  0.690158 0.69384 -0.205592 0.530652 -0.678397 -0.50812 -93.457 150.015 31.6232 50.2165 72.4426 193.092 0.736543
13072049359010  50141172974  214813  0.684914 0.709142 -0.167361 0.561387 -0.660023 -0.499213 -92.6102 149.806 33.1438 37.0168 24.2969 108.81 0.470724
13072049359028  50141191082  214815  0.691011 0.705069 -0.159318 0.559221 -0.661101 -0.500217 -93.72 150.841 33.6019 -11.6163 41.5104 68.751 0.496796
13072049359043  50141207682  214817  0.680567 0.713173 -0.167963 0.566598 -0.657624 -0.496485 -94.6552 150.999 32.3352 -31.2516 25.4596 2.00646 0.567338
13072049359045  50141224994  214819  0.658626 0.720583 -0.21673 0.555954 -0.660091 -0.505169 -96.0898 151.011 28.5743 -56.5065 13.7005 -101.204 0.624207
13072049359052  50141233684  214820  0.655205 0.710885 -0.255633 0.533835 -0.675114 -0.509157 -98.0721 151.316 26.2057 -102.24 19.4081 -146.873 0.625101
13072049359061  50141242327  214821  0.632797 0.715163 -0.296834 0.521869 -0.677107 -0.518824 -98.5217 150.424 23.6375 -88.9172 -13.1172 -186.74 0.656841
13072049359077  50141251107  214822  0.607882 0.717393 -0.340335 0.511922 -0.681731 -0.522664 -99.0842 149.586 20.8563 -82.2382 -35.2718 -221.698 0.686833
13072049359091  50141259670  214823  0.585409 0.716346 -0.379665 0.495785 -0.686838 -0.53146 -100.125 148.295 18.1116 -92.5787 -65.65 -247.709 0.712145
13072049359093  50141268399  214824  0.564323 0.708833 -0.423196 0.473124 -0.697773 -0.537835 -100.956 147.171 15.8303 -93.2957 -82.5373 -251.36 0.737201
13072049359096  50141277039  214825  0.545516 0.699752 -0.461258 0.454565 -0.709412 -0.538614 -101.811 146.246 13.9426 -94.783 -89.0472 -242.641 0.759146
13072049359104  50141285697  214826  0.527258 0.68984 -0.496105 0.438212 -0.720981 -0.536802 -102.205 145.448 12.0556 -81.7088 -89.8718 -236.081 0.778526
13072049359121  50141294368  214827  0.512684 0.67926 -0.525129 0.424718 -0.732196 -0.532451 -102.335 144.773 10.9747 -63.9406 -86.6835 -206.439 0.793141
13072049359122  50141303024  214828  0.503495 0.669048 -0.546688 0.414669 -0.742228 -0.526447 -102.487 144.197 10.0504 -51.6183 -81.3174 -179.966 0.81073
13072049359143  50141311710  214829  0.49795 0.661427 -0.560857 0.410277 -0.749463 -0.519593 -102.425 143.687 9.30698 -35.9614 -75.3087 -154.824 0.826561
13072049359165  50141320407  214830  0.494512 0.658421 -0.567398 0.411164 -0.752351 -0.514697 -102.298 143.172 9.0397 -22.5011 -71.0125 -121.729 0.841164
13072049359182  50141346435  214833  0.498784 0.664736 -0.556184 0.428671 -0.746926 -0.508275 -100.702 142.473 10.1701 32.5365 -43.5445 -16.0043 0.878803
13072049359208  50141355063  214834  0.509519 0.671426 -0.538124 0.438952 -0.740717 -0.508586 -99.7342 142.557 11.5552 53.625 -29.4367 30.7611 0.889333
13072049359238  50141389841  214838  0.601612 0.687044 -0.407473 0.456522 -0.714326 -0.530402 -97.3391 145.372 20.4372 81.5611 42.8123 198.231 0.787035
13072049359255  50141415806  214841  0.629975 0.714506 -0.304323 0.496234 -0.671772 -0.549977 -93.9993 146.922 26.5729 106.886 52.5262 220.203 0.831703
13072049359273  50141433138  214843  0.663326 0.702714 -0.257276 0.4984 -0.671309 -0.548581 -94.6934 148.854 30.1761 38.9906 82.037 213.962 0.614228
13072049359288  50141450930  214845  0.678251 0.694999 -0.238646 0.499095 -0.674058 -0.544564 -95.2894 150.558 32.3156 5.703 86.6511 168.138 0.615936
13072049359305  50141467778  214847  0.666737 0.708118 -0.232446 0.513057 -0.662307 -0.546006 -95.4207 150.635 33.008 -2.37428 50.4607 110.444 0.647771
13072049359327  50141485159  214849  0.656261 0.71644 -0.236717 0.521273 -0.657313 -0.544256 -95.6255 150.698 32.9777 -7.41208 29.4529 58.2169 0.693504
13072049359348  50141493894  214850  0.643659 0.724954 -0.245244 0.530028 -0.653426 -0.540467 -96.1274 150.826 32.3683 -20.8102 25.4974 23.9543 0.7152
13072049359378  50141529834  214854  0.590171 0.695938 -0.409106 0.471373 -0.708485 -0.525221 -96.9326 149.137 23.2923 -27.6746 -35.5461 -210.016 0.78309
13072049359390  50141554524  214857  0.562576 0.659355 -0.498758 0.423587 -0.747959 -0.51101 -98.6488 146.855 17.768 -47.1936 -65.9918 -212.151 0.756249
13072049359403  50141571841  214859  0.550197 0.643725 -0.531885 0.404688 -0.762716 -0.504472 -98.5605 145.283 15.596 -23.2954 -77.3857 -170.895 0.796706
13072049359421  50141580502  214860  0.548149 0.639312 -0.539271 0.400157 -0.766646 -0.502123 -98.5399 144.83 15.1252 -16.4719 -70.7333 -139.924 0.814382
13072049359437  50141597882  214862  0.549047 0.637094 -0.540979 0.398179 -0.768477 -0.500895 -98.2307 144.269 14.9489 -0.087967 -52.8955 -79.0334 0.845084
13072049359451  50141616434  214864  0.557493 0.644745 -0.522978 0.403884 -0.761018 -0.507669 -97.1822 143.506 16.1148 28.717 -47.4556 -8.39671 0.872589
13072049359467  50141632556  214866  0.592667 0.647825 -0.478611 0.409555 -0.75405 -0.513491 -96.7115 143.83 18.761 24.9559 -14.8239 68.3436 0.656005
13072049359484  50141649896  214868  0.625546 0.661816 -0.413148 0.426645 -0.733534 -0.529057 -94.9319 143.817 23.4035 61.3652 -7.37176 160.197 0.712282
13072049359497  50141667240  214870  0.653558 0.669339 -0.353338 0.450549 -0.719164 -0.52897 -93.2713 144.732 27.5646 75.8646 21.8219 197.497 0.751249
13072049359512  50141675923  214871  0.671059 0.665159 -0.327481 0.460335 -0.720058 -0.519238 -92.7935 145.686 29.6913 70.3147 45.2789 210.129 0.763429
13072049359540  50141693301  214873  0.66195 0.707686 -0.246987 0.533014 -0.676107 -0.5087 -89.0999 147.188 33.274 125.05 55.8429 203.205 0.669882
13072049359555  50141719269  214876  0.672538 0.711812 -0.202526 0.560335 -0.668538 -0.48896 -89.7375 149.183 36.8195 29.6253 81.0838 171.304 0.660194
13072049359571  50141736607  214878  0.671212 0.712518 -0.204432 0.571324 -0.672985 -0.469766 -90.2855 150.187 38.3628 1.90341 66.1903 131.079 0.68428
13072049359587  50141753988  214880  0.652863 0.731318 -0.19734 0.590928 -0.654718 -0.471327 -90.8265 149.134 38.0995 -14.4312 8.78451 63.5117 0.700803
13072049359601  50141771317  214882  0.639201 0.739832 -0.209929 0.601265 -0.650967 -0.463382 -91.8406 148.918 37.2411 -35.6952 -0.799588 10.4829 0.743633
13072049359614  50141779989  214883  0.628635 0.745068 -0.222914 0.606442 -0.649079 -0.459266 -92.4935 148.559 36.258 -46.2308 -11.5976 -22.4667 0.765407
13072049359628  50141797312  214885  0.603538 0.756244 -0.252661 0.614078 -0.64299 -0.45768 -93.7948 147.275 33.475 -58.756 -42.7962 -87.1914 0.798333
