SoftwareTimeStamp LeapTimeStamp  FrameID  HandDirection:X HandDirection:Y HandDirection:Z  PalmNorm:X PalmNorm:Y PalmNorm:Z  PalmPos:X PalmPos:Y PalmPos:Z  PalmVel:X PalmVel:Y PalmVel:Z Confidence
13072052042778  52824947375  312295  0.661429 0.326861 -0.675036 0.124291 -0.935364 -0.33113 -93.9518 177.322 66.2023 -21.0608 -0.915677 22.9033 0.899849
13072052042780  52824956413  312296  0.65967 0.332878 -0.673816 0.124649 -0.932604 -0.338692 -94.1673 177.026 66.4341 -21.8261 -9.67861 23.6597 0.905394
13072052042784  52824965448  312297  0.658277 0.338396 -0.672428 0.123645 -0.929738 -0.346843 -94.3666 176.688 66.6658 -21.8921 -17.3322 24.2078 0.911557
13072052042793  52824974519  312298  0.657188 0.338487 -0.673446 0.12376 -0.929822 -0.346575 -94.5326 176.817 67.0033 -20.8976 -8.59522 27.8012 0.916538
13072052042808  52824983569  312299  0.656392 0.335708 -0.675611 0.123083 -0.931191 -0.343123 -94.7406 177.189 67.4646 -21.4725 5.11673 34.1936 0.922259
13072052042810  52824992585  312300  0.655969 0.333437 -0.677144 0.122667 -0.9323 -0.340248 -94.8997 177.471 67.8125 -20.4206 12.3186 35.4003 0.929048
13072052042824  52825001638  312301  0.655829 0.332171 -0.677902 0.122408 -0.932899 -0.338697 -95.0035 177.634 68.0553 -17.9498 13.8764 33.0323 0.934876
13072052042843  52825010662  312302  0.655726 0.330949 -0.678599 0.122179 -0.933475 -0.33719 -95.0852 177.772 68.3106 -15.5011 14.2793 31.7297 0.939826
13072052042867  52825019712  312303  0.655903 0.329416 -0.679174 0.122161 -0.934214 -0.335142 -95.1586 177.928 68.5551 -13.4619 15.073 30.428 0.943944
13072052042883  52825047065  312306  0.656622 0.327799 -0.679261 0.124509 -0.935369 -0.331033 -95.2976 178.101 69.2493 -8.29819 10.0826 27.5506 0.953314
13072052042898  52825064870  312308  0.657309 0.329805 -0.677623 0.125956 -0.934586 -0.332691 -95.3169 177.909 69.4956 -4.87618 0.285896 20.9933 0.961157
13072052042912  52825073958  312309  0.657149 0.323607 -0.680759 0.122168 -0.936936 -0.327453 -95.1238 178.323 69.8701 2.35656 12.8373 26.5876 0.759973
13072052042927  52825092028  312311  0.657017 0.310354 -0.687029 0.116808 -0.942233 -0.313932 -94.7814 179.251 70.527 9.96701 30.2886 30.6843 0.765673
13072052042944  52825101193  312312  0.657128 0.306364 -0.688712 0.11596 -0.94389 -0.309234 -94.6786 179.522 70.7153 10.3152 30.1132 27.8588 0.771101
13072052042958  52825119088  312314  0.657546 0.303708 -0.689489 0.117172 -0.94524 -0.304619 -94.5901 179.724 70.8704 7.67879 20.8547 18.5742 0.792042
13072052042973  52825137177  312316  0.658037 0.303255 -0.68922 0.118368 -0.945596 -0.303047 -94.5572 179.748 70.9085 4.87881 11.4988 10.7095 0.821019
13072052042989  52825155373  312318  0.659194 0.305103 -0.687295 0.121225 -0.945152 -0.303302 -94.5004 179.605 70.8977 4.10236 2.22766 5.30611 0.846978
13072052043005  52825164289  312319  0.660033 0.30648 -0.685876 0.122909 -0.944749 -0.303878 -94.4685 179.509 70.8819 3.95944 -1.30816 3.37952 0.858248
13072052043022  52825182822  312321  0.661978 0.309481 -0.682647 0.126173 -0.94379 -0.305519 -94.388 179.337 70.8492 4.17168 -5.09757 0.910211 0.880633
13072052043037  52825200451  312323  0.66378 0.312874 -0.679343 0.129351 -0.942635 -0.307746 -94.2603 179.196 70.8509 5.65869 -6.47468 0.592623 0.897293
13072052043057  52825218540  312325  0.665624 0.316882 -0.675671 0.13271 -0.941205 -0.310678 -94.1056 179.079 70.8893 7.01618 -6.34837 1.34526 0.911729
13072052043067  52825236581  312327  0.66766 0.322039 -0.671209 0.135823 -0.939157 -0.315493 -93.8263 179.092 70.9516 11.2272 -2.65616 2.39237 0.919061
13072052043079  52825245638  312328  0.668819 0.324717 -0.66876 0.13804 -0.938166 -0.317474 -93.6867 179.186 71.002 12.383 0.942879 3.26833 0.919517
13072052043089  52825263683  312330  0.672922 0.331324 -0.661362 0.141176 -0.935169 -0.32485 -93.6495 179.411 71.0046 7.36255 7.63799 2.12919 0.925191
13072052043091  52825272777  312331  0.674264 0.334083 -0.658602 0.141217 -0.933693 -0.329051 -93.632 179.446 70.995 5.85696 6.56519 1.24904 0.927801
13072052043103  52825282620  312332  0.677358 0.341612 -0.651527 0.138962 -0.929115 -0.342687 -93.5937 179.738 70.9107 5.27453 13.4171 -1.65849 0.833405
13072052043119  52825290908  312333  0.681236 0.348933 -0.643556 0.137601 -0.924461 -0.355581 -93.5676 180.186 70.8286 4.7294 23.83 -3.76834 0.847131
13072052043121  52825300518  312334  0.685214 0.359439 -0.633471 0.137865 -0.918029 -0.371773 -93.5685 181.081 70.7123 3.32993 43.9386 -6.18736 0.858056
13072052043145  52825308945  312335  0.685676 0.366659 -0.628816 0.13469 -0.912861 -0.385414 -93.534 181.138 70.6147 3.52772 34.2779 -7.58657 0.763815
13072052043157  52825327014  312337  0.683435 0.39431 -0.614359 0.139476 -0.896601 -0.420301 -93.4683 182.22 70.1946 3.40873 45.9823 -15.1087 0.789916
13072052043169  52825336051  312338  0.680622 0.40992 -0.607222 0.14147 -0.886756 -0.440056 -93.548 182.812 69.9524 0.039058 51.3637 -18.3311 0.806273
13072052043170  52825345306  312339  0.677086 0.42606 -0.600023 0.144423 -0.876431 -0.459358 -93.8522 183.49 69.7762 -9.21311 57.4914 -18.5312 0.821984
13072052043172  52825354110  312340  0.673167 0.440383 -0.594062 0.143377 -0.865821 -0.479371 -94.1293 183.951 69.5587 -15.2112 56.1141 -20.1932 0.832486
13072052043181  52825363163  312341  0.668048 0.454445 -0.58923 0.14221 -0.855226 -0.498362 -94.4177 184.278 69.3394 -19.8042 50.6005 -21.3074 0.841454
13072052043200  52825372166  312342  0.660909 0.469755 -0.58526 0.144377 -0.844883 -0.5151 -94.9619 185.002 69.15 -30.9659 58.7833 -21.2309 0.850837
13072052043213  52825381915  312343  0.649465 0.490597 -0.580956 0.149958 -0.831654 -0.534663 -95.6392 186.064 68.808 -42.2784 73.5145 -25.3008 0.863534
13072052043215  52825390311  312344  0.640558 0.503877 -0.579476 0.150391 -0.822318 -0.548795 -96.2885 186.67 68.5946 -51.3487 73.1807 -25.3297 0.87382
13072052043230  52825399321  312345  0.628214 0.518812 -0.579811 0.153775 -0.813314 -0.561137 -96.8987 187.333 68.3317 -55.8491 73.3017 -26.3885 0.88524
13072052043231  52825408587  312346  0.61396 0.534475 -0.580852 0.1594 -0.804664 -0.571933 -97.6173 187.913 68.0788 -61.9591 70.2697 -26.6432 0.895772
13072052043246  52825417381  312347  0.599108 0.550164 -0.581713 0.164171 -0.795506 -0.583282 -98.1761 188.133 67.825 -62.3829 58.0813 -27.2388 0.904926
13072052043247  52825426388  312348  0.581108 0.56686 -0.583937 0.171054 -0.786568 -0.59334 -98.8549 188.513 67.593 -65.9499 53.7362 -26.8326 0.913403
13072052043262  52825435509  312349  0.560775 0.58306 -0.587854 0.177714 -0.77821 -0.602335 -99.634 188.979 67.3025 -71.3583 52.9928 -28.2263 0.921179
13072052043263  52825444631  312350  0.540149 0.596964 -0.593189 0.18135 -0.770866 -0.610637 -100.448 189.415 66.9903 -76.3095 51.5551 -29.8925 0.927995
13072052043277  52825453551  312351  0.516817 0.611242 -0.599403 0.187462 -0.763967 -0.617424 -101.421 190.167 66.634 -85.2586 60.4812 -32.6297 0.932575
13072052043291  52825462562  312352  0.494722 0.622759 -0.606153 0.188209 -0.757712 -0.62486 -102.421 190.754 66.2686 -92.326 61.7608 -34.8065 0.938597
13072052043293  52825471750  312353  0.470857 0.629166 -0.61842 0.1853 -0.755885 -0.627934 -103.395 192.009 66.0155 -96.141 82.6751 -32.7801 0.944148
13072052043308  52825480617  312354  0.445797 0.635759 -0.630139 0.19159 -0.755415 -0.626611 -104.459 193.486 65.4966 -102.619 105.409 -39.7591 0.948739
13072052043309  52825489695  312355  0.422486 0.63819 -0.643599 0.191305 -0.756875 -0.624933 -105.45 194.684 65.3155 -104.429 112.77 -34.2774 0.951257
13072052043324  52825498713  312356  0.399656 0.635393 -0.66072 0.192477 -0.762886 -0.617217 -106.325 196.04 64.8256 -102.393 123.106 -39.7935 0.955675
13072052043337  52825508025  312357  0.377345 0.633147 -0.675822 0.196635 -0.76791 -0.60963 -107.12 197.062 64.3848 -97.5843 119.321 -41.9247 0.959738
13072052043339  52825516821  312358  0.359509 0.631259 -0.687216 0.197959 -0.771285 -0.604923 -107.716 197.621 63.9693 -89.5383 104.321 -43.3555 0.963302
13072052043360  52825525859  312359  0.342992 0.627987 -0.698562 0.200866 -0.775507 -0.598533 -108.355 198.114 63.7162 -84.3434 90.59 -39.1248 0.966545
13072052043374  52825534891  312360  0.328859 0.623534 -0.709266 0.20055 -0.780019 -0.592748 -108.913 198.465 63.4753 -78.133 76.3569 -35.6962 0.969582
13072052043397  52825552955  312362  0.30715 0.612887 -0.728031 0.196791 -0.78938 -0.581509 -109.75 198.912 63.0463 -62.2933 51.9247 -30.2407 0.974804
13072052043411  52825571055  312364  0.294839 0.600597 -0.743204 0.193524 -0.799193 -0.569069 -110.312 199.078 62.6067 -46.9851 31.0448 -27.2308 0.978608
13072052043428  52825589078  312366  0.289601 0.59113 -0.752793 0.18917 -0.806331 -0.560397 -110.506 198.982 62.235 -29.2889 13.5386 -24.1693 0.981897
13072052043441  52825607210  312368  0.290013 0.580379 -0.760955 0.184663 -0.814121 -0.550551 -110.126 198.471 61.9391 -4.47467 -6.9517 -20.1951 0.984819
13072052043452  52825616270  312369  0.294975 0.574733 -0.763329 0.18415 -0.818093 -0.544805 -109.693 197.992 61.8831 9.97562 -19.6338 -16.3239 0.986109
13072052043465  52825634305  312371  0.313045 0.56787 -0.761266 0.183505 -0.822615 -0.538173 -108.232 196.98 62.1955 44.6386 -36.8674 0.409945 0.988513
13072052043466  52825643367  312372  0.327268 0.567495 -0.755543 0.183602 -0.822525 -0.538278 -107.264 196.497 62.5696 61.8309 -41.4152 11.6976 0.989559
13072052043480  52825652376  312373  0.348633 0.570599 -0.743553 0.182906 -0.819494 -0.543116 -106.712 195.745 63.2736 61.6872 -52.9664 29.9599 0.951234
13072052043481  52825661423  312374  0.3696 0.57471 -0.73014 0.181881 -0.815326 -0.549693 -105.812 195.273 64.0304 72.1072 -52.7517 44.7672 0.955628
13072052043498  52825670455  312375  0.392414 0.580575 -0.713403 0.181239 -0.809217 -0.558857 -104.619 194.922 64.6638 88.6039 -48.9202 51.7516 0.959656
13072052043511  52825679470  312376  0.417835 0.589631 -0.691194 0.179416 -0.799358 -0.573443 -103.148 194.509 65.1574 109.132 -48.0771 52.5786 0.963312
13072052043513  52825688626  312377  0.443919 0.602307 -0.663447 0.180068 -0.785257 -0.592407 -101.184 193.878 65.6669 138.48 -53.8909 53.4335 0.96663
13072052043526  52825697526  312378  0.470376 0.613325 -0.634491 0.189465 -0.77242 -0.606194 -99.3526 193.502 66.2271 156.779 -50.7277 56.0199 0.969617
13072052043528  52825706616  312379  0.498582 0.621415 -0.604367 0.194156 -0.759546 -0.6208 -97.5743 193.131 66.8069 167.539 -47.9711 58.1681 0.972392
13072052043553  52825733848  312380  0.575767 0.646343 -0.500733 0.229394 -0.715535 -0.659839 -92.3291 191.533 69.4799 183.12 -54.6378 83.0181 0.973815
13072052043561  52825742744  312381  0.592768 0.649373 -0.476382 0.241814 -0.707718 -0.663823 -91.2904 191.246 70.4236 165.076 -48.5341 89.2887 0.975369
13072052043574  52825751797  312382  0.612965 0.651695 -0.44673 0.253859 -0.697866 -0.669731 -89.9543 190.966 71.6738 160.249 -43.677 102.757 0.975404
13072052043590  52825760857  312383  0.631939 0.651636 -0.419552 0.26773 -0.691568 -0.670861 -88.6412 190.953 73.1081 156.021 -32.0141 118.096 0.959218
13072052043591  52825769871  312384  0.65049 0.648954 -0.394616 0.286213 -0.690706 -0.664083 -87.7328 191.095 74.4454 140.833 -18.8994 126.42 0.961492
13072052043606  52825778922  312385  0.665718 0.647252 -0.371328 0.300257 -0.68791 -0.660776 -86.7917 191.19 75.6756 130.662 -10.7846 129.037 0.945539
13072052043619  52825787957  312386  0.679537 0.644417 -0.350652 0.317955 -0.68943 -0.650839 -86.1047 191.44 77.0014 115.615 -0.193901 133.917 0.947436
13072052043620  52825796982  312387  0.69078 0.642859 -0.330992 0.330873 -0.688059 -0.645831 -85.4618 191.398 78.0682 103.399 -1.40847 129.593 0.947824
13072052043637  52825805997  312388  0.698432 0.644348 -0.311461 0.346025 -0.684981 -0.641146 -84.7066 191.129 79.027 98.0031 -9.23951 123.201 0.94799
13072052043639  52825815128  312389  0.707193 0.642491 -0.295099 0.357075 -0.684806 -0.635246 -83.892 191.222 80.016 95.5614 -3.81402 119.063 0.936103
13072052043655  52825824084  312390  0.715063 0.639994 -0.281234 0.361999 -0.683161 -0.63423 -83.2013 191.245 80.8258 90.518 -2.07171 111.23 0.749723
13072052043667  52825833401  312391  0.725506 0.632874 -0.270391 0.376619 -0.693936 -0.613686 -82.8516 192.156 82.0638 75.538 26.1612 117.349 0.762403
13072052043669  52825842322  312392  0.734006 0.627374 -0.260071 0.381291 -0.697573 -0.606637 -82.5986 192.684 82.8621 62.6792 35.1397 109.757 0.76335
13072052043683  52825851225  312393  0.738413 0.625951 -0.250862 0.394414 -0.702629 -0.592241 -82.4036 193.061 83.7569 51.5857 37.1001 107.239 0.731569
13072052043685  52825860568  312394  0.742242 0.624228 -0.243754 0.406265 -0.708432 -0.577125 -82.3038 193.576 84.7507 39.992 42.2256 106.994 0.702492
13072052043712  52825869276  312395  0.743852 0.625038 -0.236668 0.414734 -0.709365 -0.569909 -82.3746 193.704 85.1919 27.1444 34.8793 91.9549 0.709152
13072052043726  52825887374  312397  0.744957 0.626717 -0.228614 0.423839 -0.709277 -0.563282 -82.4354 193.745 85.602 12.5884 19.259 58.5021 0.732093
13072052043740  52825905451  312399  0.74478 0.628573 -0.224051 0.430371 -0.709046 -0.558601 -82.7063 193.828 85.7397 -0.678311 12.548 34.2624 0.737718
13072052043752  52825914514  312400  0.743561 0.630498 -0.222686 0.432471 -0.707455 -0.558995 -82.8212 193.8 85.6323 -3.99468 8.23056 21.5284 0.756846
13072052043767  52825932557  312402  0.738144 0.635145 -0.22745 0.435119 -0.705851 -0.558968 -83.5814 193.919 84.8859 -22.7292 7.40665 -9.43015 0.777652
13072052043769  52825941565  312403  0.731658 0.640071 -0.234489 0.436614 -0.704201 -0.559884 -84.2739 194.117 84.0305 -37.606 11.4241 -32.9342 0.790152
13072052043770  52825950681  312404  0.722915 0.645838 -0.245533 0.435263 -0.701667 -0.5641 -85.0477 194.303 82.6889 -50.7292 13.9086 -64.6436 0.806532
13072052043794  52825961010  312405  0.707765 0.657568 -0.258209 0.428567 -0.690222 -0.58303 -85.7014 193.948 80.4561 -54.6003 -0.952192 -111.337 0.814741
13072052043796  52825970233  312406  0.697682 0.66038 -0.277738 0.411237 -0.686615 -0.599536 -86.5329 193.622 78.8454 -64.568 -10.6032 -129.081 0.830162
13072052043798  52825978744  312407  0.686382 0.66255 -0.299846 0.395931 -0.68629 -0.610118 -87.4651 193.411 77.3235 -76.3376 -14.3027 -142.104 0.842901
13072052043806  52825986813  312408  0.673473 0.663555 -0.325773 0.382406 -0.689892 -0.614666 -88.5636 193.384 75.7244 -91.2951 -11.5908 -156.128 0.852709
13072052043830  52825995981  312409  0.659618 0.658384 -0.362539 0.358117 -0.699392 -0.618549 -89.9394 193.255 74.191 -107.685 -12.2658 -159.231 0.862676
13072052043845  52826007396  312410  0.641519 0.6527 -0.403034 0.330581 -0.709332 -0.622546 -91.3689 193.132 72.4619 -113.556 -11.7634 -156.636 0.867659
13072052043861  52826023438  312412  0.603003 0.637318 -0.479805 0.293707 -0.736573 -0.609259 -93.9095 193.537 69.7748 -134.501 4.42674 -162.529 0.88721
13072052043875  52826040998  312414  0.555616 0.607445 -0.567716 0.238969 -0.770671 -0.590728 -96.5615 193.696 66.9047 -142.367 5.09929 -162.221 0.906256
13072052043890  52826050078  312415  0.530824 0.590399 -0.607992 0.217184 -0.788221 -0.575795 -97.9707 193.735 65.8581 -145.918 4.87108 -149.23 0.914809
13072052043904  52826068160  312417  0.482869 0.552819 -0.679139 0.175436 -0.820891 -0.54347 -100.987 193.386 63.7667 -156.28 -6.49487 -133.267 0.928962
13072052043919  52826086220  312419  0.440115 0.511834 -0.737784 0.137469 -0.85036 -0.507928 -103.37 192.796 61.9456 -144.529 -18.4034 -116.893 0.941193
13072052043921  52826095265  312420  0.422313 0.491958 -0.761334 0.122124 -0.863129 -0.489993 -104.478 192.554 61.2441 -138.455 -20.7068 -106.045 0.94618
13072052043923  52826104255  312421  0.406187 0.475442 -0.780364 0.108115 -0.872992 -0.475601 -105.43 192.065 60.6612 -129.521 -29.9595 -94.7401 0.951044
13072052043932  52826113317  312422  0.392587 0.460627 -0.796052 0.0948476 -0.881204 -0.463124 -106.233 191.53 60.1535 -118.207 -37.9809 -84.0498 0.955495
13072052043949  52826122312  312423  0.381532 0.448288 -0.808376 0.0846274 -0.887796 -0.452389 -106.71 191.139 59.8418 -100.327 -39.5117 -70.4912 0.959273
13072052043950  52826131384  312424  0.373065 0.439261 -0.817235 0.0783149 -0.892591 -0.444014 -107.098 190.819 59.6087 -84.4314 -38.3392 -58.108 0.962456
13072052043966  52826140423  312425  0.366671 0.432919 -0.823489 0.0737836 -0.895882 -0.438124 -107.379 190.477 59.4335 -69.7012 -38.1908 -47.4344 0.965263
13072052043979  52826149485  312426  0.361326 0.429033 -0.827873 0.0686704 -0.89769 -0.435243 -107.484 190.102 59.3313 -53.6725 -39.0622 -37.4493 0.968403
13072052043981  52826158528  312427  0.35782 0.426355 -0.830774 0.0649896 -0.898893 -0.433322 -107.495 189.838 59.2889 -39.2043 -36.3388 -28.4172 0.971274
13072052043995  52826167543  312428  0.355482 0.425322 -0.832306 0.0627981 -0.899325 -0.432748 -107.409 189.604 59.2758 -25.7949 -33.5008 -21.0022 0.973876
13072052043996  52826176910  312429  0.354184 0.426153 -0.832434 0.0640111 -0.899097 -0.433045 -107.247 189.373 59.3626 -13.5508 -30.9703 -12.4073 0.976258
13072052044014  52826185596  312430  0.354175 0.42788 -0.831552 0.0642847 -0.898226 -0.434807 -106.909 189.154 59.5044 0.414334 -29.4459 -4.75075 0.978335
13072052044027  52826194650  312431  0.35617 0.431045 -0.829062 0.0654838 -0.896579 -0.438016 -106.329 189.04 59.7726 17.9908 -24.7977 4.73384 0.980298
13072052044029  52826203902  312432  0.361266 0.437147 -0.823644 0.0694361 -0.893459 -0.443745 -105.579 189.011 60.0878 35.72 -18.7202 12.9807 0.980944
13072052044044  52826212729  312433  0.37078 0.444392 -0.815498 0.0750118 -0.889549 -0.45064 -104.706 189.104 60.4992 52.7721 -10.8048 22.0615 0.982637
13072052044046  52826221833  312434  0.384998 0.454619 -0.80318 0.0774861 -0.883112 -0.46272 -103.49 189.185 60.9417 75.1876 -5.33105 29.4213 0.984225
13072052044050  52826230882  312435  0.40345 0.465451 -0.787771 0.0887419 -0.876796 -0.472602 -102.143 189.578 61.6417 95.4873 8.11519 42.6438 0.985659
13072052044058  52826239823  312436  0.42485 0.482394 -0.766028 0.0966476 -0.865527 -0.49145 -100.704 189.461 62.3542 113.37 2.3249 52.76 0.986949
13072052044077  52826248916  312437  0.450133 0.497829 -0.741314 0.110181 -0.854796 -0.507134 -99.209 189.557 63.2163 127.506 4.5889 64.4053 0.988139
13072052044091  52826257933  312438  0.477619 0.512812 -0.713375 0.124864 -0.843355 -0.522648 -97.71 189.761 64.2185 138.161 9.57175 77.2604 0.989214
13072052044105  52826267351  312439  0.508568 0.526702 -0.681134 0.140366 -0.83121 -0.537947 -96.0154 189.953 65.2118 150.077 12.6299 85.3086 1
13072052044107  52826285048  312441  0.568869 0.554666 -0.607234 0.173827 -0.802753 -0.570414 -92.5369 189.846 67.5495 171.413 4.45227 107.131 1
13072052044113  52826294103  312442  0.600382 0.559671 -0.571236 0.199982 -0.796677 -0.570362 -90.9675 190.402 68.963 171.939 20.1862 120.648 1
13072052044121  52826303098  312443  0.629225 0.566754 -0.531851 0.222564 -0.787031 -0.575367 -89.2766 190.501 70.3224 176.342 17.6653 129.012 1
13072052044135  52826312161  312444  0.655275 0.57351 -0.491632 0.239713 -0.775066 -0.584645 -87.4918 190.26 71.9757 182.029 5.45447 143.766 0.885235
13072052044140  52826321181  312445  0.678214 0.580522 -0.450577 0.268307 -0.76643 -0.583606 -86.1559 189.942 73.5524 172.697 -5.76226 152.302 0.893781
13072052044163  52826330238  312446  0.7009 0.579144 -0.41633 0.289499 -0.76445 -0.576026 -84.9384 190.172 75.3631 162.131 2.83611 165.448 0.902793
13072052044179  52826339300  312447  0.72293 0.571086 -0.388887 0.310292 -0.771255 -0.555774 -83.7122 191.118 77.8478 154.724 30.901 195.482 0.907746
13072052044195  52826357366  312449  0.757754 0.557056 -0.339849 0.329132 -0.775982 -0.538075 -81.8536 191.892 81.261 129.068 35.5337 190.566 0.775154
13072052044209  52826375408  312451  0.777424 0.549599 -0.305864 0.35565 -0.785196 -0.506932 -80.845 192.337 84.6556 94.4745 26.2259 186.986 0.798729
13072052044226  52826384471  312452  0.791346 0.530574 -0.303747 0.36586 -0.809031 -0.460016 -80.8143 194.158 87.0411 69.3132 74.4657 208.04 0.769531
13072052044242  52826402573  312454  0.799071 0.528516 -0.286628 0.380243 -0.813519 -0.440002 -80.362 194.13 88.8749 47.1943 40.047 156.482 0.799148
13072052044256  52826420643  312456  0.801885 0.528331 -0.27901 0.391429 -0.817353 -0.422751 -80.2386 194.08 90.2397 27.2634 21.2756 118.459 0.673665
13072052044273  52826438681  312458  0.802089 0.529943 -0.275341 0.399828 -0.818992 -0.411569 -80.3094 193.966 90.8732 12.791 6.89188 77.4874 0.685764
13072052044287  52826447701  312459  0.797747 0.540043 -0.268239 0.407269 -0.810609 -0.420766 -80.2587 193.25 90.6969 10.8168 -16.852 50.7938 0.69516
13072052044302  52826465873  312461  0.789613 0.55055 -0.270936 0.420297 -0.806978 -0.414894 -80.874 192.7 90.476 -13.0132 -16.1166 23.0128 0.684676
13072052044304  52826483905  312463  0.772507 0.570177 -0.27952 0.422577 -0.790161 -0.44393 -81.6459 191.026 88.3717 -28.2731 -52.6606 -45.2798 0.728268
13072052044312  52826493173  312464  0.75796 0.582946 -0.292697 0.42302 -0.780843 -0.459715 -82.1961 190.273 86.8841 -37.0238 -60.6979 -77.7173 0.750056
13072052044327  52826501961  312465  0.740873 0.597332 -0.307085 0.41551 -0.766845 -0.489184 -82.9422 189.329 84.7927 -49.9063 -73.2577 -120.84 0.759187
13072052044332  52826511068  312466  0.720445 0.610958 -0.328162 0.401426 -0.753235 -0.521051 -83.6956 188.344 82.5702 -59.0085 -82.9405 -155.009 0.776563
13072052044339  52826520056  312467  0.70196 0.617686 -0.354564 0.382068 -0.746722 -0.544454 -84.9134 188.021 80.5816 -79.987 -70.0561 -173.179 0.788378
13072052044365  52826529133  312468  0.680111 0.622146 -0.387793 0.355714 -0.74258 -0.567488 -86.2615 187.85 78.6236 -98.9415 -55.8761 -184.942 0.802274
13072052044394  52826547211  312470  0.621777 0.625697 -0.471058 0.308114 -0.74838 -0.587361 -89.3574 188.507 74.5976 -132.194 -11.4423 -202.572 0.835876
13072052044419  52826574302  312473  0.509181 0.610312 -0.60684 0.214235 -0.772771 -0.597435 -95.2804 188.909 68.013 -188.338 4.21309 -228.317 0.876624
13072052044440  52826601393  312476  0.40293 0.575376 -0.711752 0.113866 -0.803147 -0.584799 -101.551 188.204 62.7371 -212.506 -16.4725 -203.305 0.90726
13072052044466  52826619446  312478  0.352018 0.551861 -0.755997 0.0644386 -0.820068 -0.568626 -105.316 187.605 59.9434 -210.105 -24.7425 -180.643 0.922959
13072052044488  52826640107  312480  0.322213 0.53229 -0.782845 0.0325675 -0.832692 -0.552778 -108.044 187.184 57.625 -168.897 -22.5657 -143.436 0.93803
13072052044505  52826667805  312482  0.309884 0.520412 -0.795703 0.0192769 -0.840167 -0.541985 -109.802 186.65 56.4315 -100.356 -20.6266 -78.6233 0.950919
13072052044529  52826684769  312484  0.312847 0.514165 -0.798599 0.0233796 -0.844719 -0.5347 -109.829 186.675 55.7585 -55.415 -10.5362 -60.8503 0.958952
13072052044552  52826710967  312487  0.3334 0.51093 -0.792335 0.0394664 -0.847246 -0.529732 -108.453 187.118 55.4894 17.162 8.76983 -28.6714 0.968853
13072052044574  52826727946  312489  0.376897 0.519571 -0.766808 0.0663195 -0.840871 -0.537158 -105.736 188.031 56.4696 82.3164 30.0069 12.3063 0.973955
13072052044588  52826755052  312492  0.463412 0.556758 -0.689399 0.12361 -0.810985 -0.57186 -99.8545 189.981 60.1494 169.893 55.008 91.7916 0.980186
13072052044596  52826764038  312493  0.494871 0.570909 -0.655107 0.154239 -0.799631 -0.580345 -97.83 190.496 61.9377 185.084 55.628 121.191 0.981975
13072052044604  52826773135  312494  0.524467 0.585843 -0.617837 0.183116 -0.786276 -0.590117 -95.7407 190.909 63.6425 197.438 52.7872 139.538 0.983623
13072052044611  52826791463  312495  0.585664 0.609607 -0.534207 0.242166 -0.76056 -0.602416 -91.1368 191.505 67.6169 223.237 43.0701 176.639 0.986499
13072052044619  52826800237  312496  0.611575 0.612801 -0.500451 0.267452 -0.755421 -0.598171 -89.5065 192.191 69.4136 213.178 52.4843 184.198 0.987691
13072052044648  52826809260  312497  0.638751 0.616318 -0.460598 0.29973 -0.750662 -0.588786 -87.8225 192.951 71.7209 205.876 61.243 203.877 0.988807
13072052044649  52826827947  312499  0.685043 0.620738 -0.381313 0.348054 -0.738694 -0.577226 -84.6111 193.994 76.6885 188.622 57.5716 233.284 0.92876
13072052044656  52826836397  312500  0.70108 0.620668 -0.351082 0.369171 -0.737145 -0.565977 -83.2508 194.295 79.3219 181.429 51.8453 253.674 0.93213
13072052044666  52826845421  312501  0.72246 0.611431 -0.322806 0.385405 -0.743745 -0.546174 -82.2364 195.187 81.9164 162.437 64.7915 262.986 0.938285
13072052044674  52826854465  312502  0.734428 0.61076 -0.295952 0.398933 -0.741271 -0.539788 -81.3699 195.157 84.2516 144.064 46.0132 261.669 0.940433
13072052044725  52826881899  312503  0.76876 0.590501 -0.245594 0.428568 -0.760701 -0.487508 -80.0804 197.643 91.1492 83.4867 73.8559 255.275 0.883952
13072052044727  52826899642  312505  0.77092 0.597316 -0.221126 0.436358 -0.748201 -0.499788 -79.4664 196.891 92.7351 60.1595 21.2506 177.803 0.807673
13072052044729  52826908682  312506  0.765888 0.608713 -0.207083 0.445595 -0.734682 -0.511554 -79.41 195.741 93.5428 45.2984 -19.6608 153.422 0.819694
13072052044738  52826919191  312507  0.764815 0.609912 -0.207524 0.453907 -0.738721 -0.498256 -79.7271 196.127 94.841 21.7059 -2.03752 144.081 0.763997
13072052044745  52826926766  312508  0.762039 0.613458 -0.20728 0.458429 -0.737185 -0.496389 -79.8208 196.182 95.3087 13.6376 0.174421 124.584 0.768983
13072052044791  52826935793  312509  0.759494 0.616148 -0.208638 0.460019 -0.735483 -0.497441 -79.9885 196.307 95.5346 4.77106 3.94649 97.1798 0.78561
13072052044793  52826971971  312513  0.723213 0.650248 -0.23268 0.445277 -0.696562 -0.56261 -81.5299 195.296 93.2095 -37.1778 -27.0471 -35.6225 0.71259
13072052044800  52826981077  312514  0.70633 0.660563 -0.254467 0.420318 -0.68061 -0.600086 -82.6258 194.848 91.5656 -60.241 -33.1871 -75.809 0.728794
13072052044809  52826990070  312515  0.690022 0.666066 -0.283242 0.402623 -0.678426 -0.614519 -84.0989 195.105 90.1201 -88.6596 -16.2374 -99.1126 0.743617
13072052044819  52826999093  312516  0.669233 0.672121 -0.316829 0.386817 -0.679187 -0.623761 -85.689 195.288 88.4311 -112.757 -6.1906 -123.35 0.765798
13072052044827  52827008116  312517  0.642477 0.680075 -0.35316 0.371892 -0.679663 -0.632262 -87.3035 195.289 86.1741 -130.965 -4.45353 -158.238 0.782842
13072052044837  52827017180  312518  0.612534 0.683948 -0.396253 0.352851 -0.685178 -0.637203 -89.0571 195.132 83.817 -148.231 -8.00377 -186.364 0.801315
13072052044902  52827026272  312519  0.580837 0.681893 -0.444579 0.330324 -0.696607 -0.636887 -90.9325 195.405 81.6476 -164.306 2.52836 -200.832 0.819465
13072052044917  52827080414  312525  0.347472 0.5989 -0.721513 0.141322 -0.794117 -0.591107 -103.38 194.508 68.419 -228.414 -34.9085 -233.247 0.897948
13072052044919  52827098507  312527  0.286107 0.561063 -0.776757 0.080152 -0.821816 -0.564087 -107.731 193.042 64.3746 -233.962 -56.714 -228.293 0.915612
13072052044939  52827107511  312528  0.268226 0.543731 -0.795243 0.0539367 -0.832673 -0.551131 -109.665 192.385 62.9833 -228.683 -61.1819 -208.027 0.92325
13072052044966  52827116596  312529  0.256676 0.531256 -0.807394 0.0322749 -0.839627 -0.542204 -111.478 191.49 61.9075 -220.623 -71.5142 -183.225 0.926024
13072052044986  52827143661  312532  0.240742 0.505221 -0.828731 -0.0141838 -0.85192 -0.523479 -114.121 189.804 59.1649 -137.924 -63.2672 -133.736 0.941735
13072052044988  52827161765  312534  0.244497 0.498137 -0.831914 -0.0258387 -0.854301 -0.519136 -114.824 189.095 58.5256 -89.3149 -50.6383 -86.3018 0.905896
13072052044990  52827170777  312535  0.245934 0.497215 -0.832042 -0.0278391 -0.854429 -0.518822 -114.79 189.008 58.4493 -63.7415 -39.3727 -64.9063 0.91442
13072052044998  52827179838  312536  0.248789 0.49678 -0.831453 -0.0290904 -0.854224 -0.51909 -114.612 188.925 58.3882 -40.7022 -31.0252 -48.8438 0.922212
13072052045007  52827188851  312537  0.255796 0.497397 -0.828954 -0.0293886 -0.853085 -0.520944 -114.219 188.849 58.3827 -17.5324 -24.8312 -35.5842 0.9268
13072052045016  52827197918  312538  0.268747 0.499714 -0.823445 -0.031171 -0.849936 -0.525963 -113.154 188.977 58.5024 19.7633 -14.075 -22.1048 0.933469
13072052045026  52827206932  312539  0.28737 0.506547 -0.812914 -0.0284661 -0.843821 -0.535869 -111.319 189.18 58.9313 70.3129 -4.00744 -2.94495 0.939497
13072052045051  52827215995  312540  0.311696 0.518822 -0.796033 -0.011279 -0.83569 -0.549086 -109.468 189.602 59.5977 107.286 9.95113 18.1782 0.944156
13072052045053  52827225045  312541  0.342898 0.528979 -0.776274 0.00729076 -0.827849 -0.560903 -107.523 189.986 60.5078 136.983 18.9276 40.9071 0.949235
13072052045054  52827234504  312542  0.379687 0.539558 -0.751475 0.0323985 -0.819562 -0.572074 -105.517 190.568 61.9636 158.511 31.1106 73.264 0.95405
13072052045062  52827243456  312543  0.416501 0.552998 -0.721609 0.0570011 -0.808054 -0.586344 -103.252 190.802 63.2835 184.341 29.7672 93.5402 0.958186
13072052045079  52827252186  312544  0.456045 0.566109 -0.686691 0.0859777 -0.796016 -0.599137 -100.877 190.906 64.9081 207.809 25.0039 118.306 0.961861
13072052045081  52827261169  312545  0.497356 0.576253 -0.648513 0.115157 -0.784762 -0.609005 -98.3436 190.979 66.872 228.141 20.3601 145.807 0.965305
13072052045089  52827270219  312546  0.536541 0.585419 -0.60779 0.1507 -0.77513 -0.613566 -95.8874 191.035 69.0389 240.076 16.4546 171.637 0.96846
13072052045100  52827279347  312547  0.574246 0.592584 -0.564876 0.189564 -0.767474 -0.612412 -93.4418 191.285 71.0781 247.814 19.4899 186.02 0.971352
13072052045107  52827288313  312548  0.611269 0.593476 -0.523579 0.224295 -0.764352 -0.604531 -91.1021 191.598 73.35 251.41 23.7257 204.461 0.973934
13072052045116  52827297342  312549  0.644175 0.595604 -0.47989 0.250283 -0.757005 -0.603574 -88.5976 191.636 75.7937 258.563 18.3312 222.685 0.974651
13072052045127  52827306395  312550  0.676478 0.592732 -0.437088 0.282124 -0.756792 -0.589638 -87.0156 191.908 78.3684 235.434 21.559 239.715 0.97558
13072052045139  52827320591  312551  0.707127 0.590495 -0.388956 0.312671 -0.754509 -0.577021 -84.9595 191.731 81.6438 199.437 8.04073 236.145 0.96038
13072052045147  52827324797  312552  0.719147 0.585389 -0.374362 0.332659 -0.763055 -0.554153 -84.2238 192.219 83.2589 196.023 23.1023 256.741 0.961357
13072052045154  52827334983  312553  0.746966 0.574266 -0.335052 0.361222 -0.773607 -0.520625 -82.5355 193.359 86.6845 186.799 50.1461 280.98 0.857899
13072052045170  52827346357  312554  0.763998 0.569997 -0.302341 0.389221 -0.78087 -0.488619 -81.3995 194.121 89.5188 157.814 55.7594 270.38 0.857948
13072052045196  52827352578  312555  0.768985 0.574107 -0.281182 0.399404 -0.774911 -0.489887 -80.7068 193.721 90.6247 148.567 31.8718 251.95 0.864015
13072052045213  52827370014  312557  0.778529 0.582222 -0.234332 0.44266 -0.774077 -0.452612 -80.2504 193.243 94.5074 87.4288 4.50165 236.825 0.661754
13072052045215  52827388512  312559  0.780011 0.587434 -0.215646 0.458776 -0.771193 -0.441346 -79.632 193.281 97.031 62.5698 0.516532 184.489 0.687118
13072052045220  52827400018  312560  0.780131 0.590266 -0.207321 0.460778 -0.76627 -0.447787 -79.1893 193.181 97.6724 54.4608 -2.57303 141.151 0.721634
13072052045228  52827409230  312561  0.778689 0.594304 -0.201113 0.461606 -0.759773 -0.457892 -78.9102 192.79 97.911 47.6936 -13.7214 108.876 0.744856
13072052045239  52827420381  312562  0.777469 0.597215 -0.197169 0.462049 -0.755077 -0.465155 -78.7514 192.511 98.0588 36.7141 -17.4513 77.4979 0.766176
13072052045242  52827423989  312563  0.77714 0.59763 -0.197211 0.463207 -0.755323 -0.463601 -78.7814 192.537 98.1072 31.279 -14.4592 69.7578 0.557235
13072052045253  52827433268  312564  0.776404 0.597944 -0.199148 0.460159 -0.753752 -0.46916 -78.7198 192.501 98.1144 24.3348 -11.4822 50.3219 0.570876
13072052045261  52827442290  312565  0.773494 0.600926 -0.201482 0.457535 -0.749396 -0.478609 -78.858 192.216 97.7236 13.4252 -17.0175 24.5564 0.604294
13072052045287  52827453330  312566  0.767518 0.605734 -0.209769 0.450884 -0.742737 -0.49502 -79.2165 191.726 96.7309 -1.51549 -25.9147 -12.7037 0.642691
13072052045289  52827463608  312567  0.755759 0.616968 -0.219495 0.445334 -0.729971 -0.518478 -79.819 190.746 95.0579 -19.0395 -47.2383 -58.7603 0.666075
13072052045292  52827473577  312568  0.745843 0.621603 -0.239434 0.436 -0.727305 -0.530029 -80.5369 190.441 93.5041 -34.8907 -42.2587 -87.8155 0.691732
13072052045299  52827480805  312569  0.736223 0.624247 -0.261326 0.425833 -0.727452 -0.538032 -81.2105 190.189 91.8622 -48.1419 -40.5746 -119.482 0.711561
13072052045314  52827493340  312570  0.713547 0.634181 -0.297767 0.402605 -0.718993 -0.566531 -81.6726 188.912 88.0022 -44.0738 -62.6613 -187.424 0.742322
13072052045317  52827496233  312571  0.70816 0.633865 -0.311005 0.389954 -0.718338 -0.576131 -82.0657 188.617 86.9351 -53.0747 -66.5233 -205.21 0.749021
13072052045327  52827506440  312572  0.687124 0.626762 -0.367464 0.345135 -0.726646 -0.594026 -84.0928 188.213 83.3872 -97.4831 -58.3121 -248.661 0.77307
13072052045363  52827515658  312573  0.664229 0.619717 -0.418031 0.311766 -0.73792 -0.598562 -85.7272 188.093 81.0435 -119.849 -45.615 -250.226 0.790131
13072052045381  52827543357  312576  0.572821 0.572699 -0.586422 0.201495 -0.791859 -0.576506 -92.1524 188.285 73.9021 -193.165 -16.8484 -254.471 0.84324
13072052045400  52827559463  312578  0.496605 0.536449 -0.682353 0.136708 -0.824671 -0.548843 -96.0739 187.855 69.8358 -215.675 -22.5482 -256.305 0.86743
13072052045421  52827582168  312580  0.388203 0.485335 -0.783421 0.0621739 -0.861946 -0.503173 -102.012 186.376 65.0658 -237.487 -47.2536 -226.106 0.895636
13072052045436  52827596937  312582  0.332988 0.459152 -0.823589 0.0204134 -0.87674 -0.480531 -105.153 185.286 62.4621 -228.221 -58.9564 -207.194 0.910675
13072052045438  52827616510  312584  0.285634 0.426451 -0.858227 -0.0405194 -0.889361 -0.455407 -108.496 183.757 58.9864 -195.728 -67.2029 -187.319 0.92679
13072052045444  52827623124  312585  0.28078 0.422924 -0.861567 -0.0480039 -0.890367 -0.452705 -109.13 183.524 58.3517 -174.731 -60.4898 -168.121 0.931718
13072052045452  52827634091  312586  0.280201 0.422719 -0.861856 -0.0538682 -0.889483 -0.453782 -109.716 183.263 57.7319 -135.476 -48.6046 -131.991 0.939169
13072052045459  52827641421  312587  0.28258 0.422575 -0.86115 -0.0553191 -0.889065 -0.454426 -109.854 183.217 57.491 -108.638 -38.8574 -109.187 0.94369
13072052045491  52827651093  312588  0.286705 0.422908 -0.859621 -0.0554259 -0.888466 -0.455584 -109.863 183.184 57.3618 -77.2245 -28.541 -81.2276 0.948575
13072052045512  52827668826  312590  0.303816 0.424941 -0.852714 -0.0437525 -0.887854 -0.458041 -109.295 183.45 57.2909 -23.9012 -6.91517 -44.696 0.957339
13072052045527  52827686516  312592  0.367445 0.439129 -0.819848 0.011284 -0.883554 -0.468194 -106.292 185.01 58.4734 68.8914 37.7031 8.14782 0.962931
13072052045529  52827704065  312594  0.44566 0.462824 -0.766277 0.0651355 -0.870478 -0.487878 -102.043 186.255 60.7687 149.119 53.452 66.5581 0.969189
13072052045532  52827713455  312595  0.490305 0.472483 -0.732367 0.0967947 -0.864625 -0.493006 -99.6103 187.469 62.5286 180.4 75.0318 100.957 0.972091
13072052045543  52827724135  312596  0.534813 0.48198 -0.694025 0.127283 -0.857941 -0.497732 -97.1404 188.328 64.3062 196.513 76.7234 121.701 0.975061
13072052045573  52827732528  312597  0.568775 0.491976 -0.659132 0.153542 -0.850806 -0.502548 -95.1406 188.827 65.7949 207.315 72.2764 136.103 0.977172
13072052045605  52827749414  312599  0.643609 0.505791 -0.574407 0.214554 -0.839653 -0.498949 -90.8075 190.166 69.8006 229.836 75.7456 182.638 0.980892
13072052045632  52827785542  312603  0.747072 0.519173 -0.415143 0.306814 -0.823319 -0.477505 -84.4267 191.083 78.8004 183.624 33.001 230.587 0.940069
13072052045635  52827814770  312606  0.789639 0.508953 -0.342692 0.358073 -0.835794 -0.416211 -81.6465 192.458 84.9491 121.067 45.1144 212.667 0.838826
13072052045687  52827825512  312607  0.797677 0.503626 -0.331772 0.371809 -0.843813 -0.386959 -81.35 193.191 86.5057 91.3199 52.4572 191.101 0.783717
13072052045700  52827866731  312612  0.786574 0.532674 -0.312346 0.396427 -0.823431 -0.405964 -80.629 191.223 87.1114 33.398 -44.3485 38.6969 0.821557
13072052045701  52827876290  312613  0.77755 0.541286 -0.320039 0.397788 -0.817577 -0.416333 -80.983 190.619 86.7427 13.0501 -49.8095 16.3737 0.831338
13072052045704  52827885099  312614  0.76644 0.550682 -0.330635 0.394401 -0.809764 -0.434431 -81.5939 189.757 85.9425 -9.16665 -62.7565 -12.5315 0.844764
13072052045712  52827894048  312615  0.754288 0.555094 -0.3506 0.385088 -0.806561 -0.448516 -82.4433 189.318 85.0252 -32.5969 -59.0063 -37.1187 0.857987
13072052045734  52827903046  312616  0.739226 0.556822 -0.378808 0.368399 -0.805204 -0.464682 -83.7134 188.991 83.5696 -62.4019 -52.7817 -71.3383 0.865105
13072052045736  52827915042  312617  0.717117 0.555103 -0.421431 0.353314 -0.810765 -0.466722 -85.4996 189.126 81.9829 -92.5115 -30.4822 -92.5487 0.877453
13072052045744  52827922324  312618  0.698239 0.553025 -0.454562 0.335874 -0.813835 -0.474195 -86.7712 189.021 80.7725 -111.294 -26.811 -109.4 0.885605
13072052045768  52827932283  312619  0.664557 0.548704 -0.507236 0.310058 -0.820105 -0.480927 -88.8606 188.894 78.5971 -140.744 -22.6201 -142 0.895901
13072052045769  52827946661  312620  0.623069 0.533766 -0.571733 0.279609 -0.834658 -0.474516 -90.8436 189.706 76.583 -139.609 9.12521 -141.229 0.910411
13072052045771  52827950716  312621  0.605635 0.528338 -0.595034 0.263266 -0.838699 -0.476734 -91.7704 189.58 75.6325 -151.587 3.71648 -153.775 0.914158
13072052045796  52827964594  312622  0.542595 0.506031 -0.670465 0.21064 -0.854642 -0.474571 -94.6143 189.123 72.5666 -172.41 -10.6037 -179.99 0.925835
13072052045798  52827967003  312623  0.52865 0.50025 -0.685769 0.19678 -0.858106 -0.47427 -95.2055 188.972 71.8408 -178.422 -14.9 -189.977 0.927694
13072052045800  52827977183  312624  0.470104 0.475348 -0.743671 0.151195 -0.873498 -0.462755 -98.0493 188.223 69.0564 -209.152 -32.7426 -215.414 0.935048
13072052045803  52827984496  312625  0.433797 0.458118 -0.775853 0.117718 -0.882528 -0.455288 -99.7543 187.509 67.2679 -214.663 -47.6592 -222.106 0.939856
13072052045816  52827993763  312626  0.398101 0.440225 -0.804809 0.0758203 -0.890116 -0.449383 -101.558 186.484 65.5765 -209.024 -65.3592 -210.965 0.945451
13072052045821  52828003172  312627  0.3743 0.429205 -0.821999 0.0511974 -0.894649 -0.443826 -103.07 185.649 64.3562 -195.26 -72.0376 -187.796 0.950504
13072052045881  52828039885  312628  0.355666 0.414085 -0.837875 0.0196842 -0.899614 -0.436242 -105.324 183.75 62.2379 -97.5193 -57.2107 -92.8205 0.965542
13072052045912  52828056532  312631  0.362861 0.407947 -0.837802 0.0228394 -0.902703 -0.429657 -105.354 183.671 61.9447 -53.853 -33.3933 -58.5277 0.97108
13072052045929  52828092705  312635  0.434764 0.409651 -0.801977 0.0711829 -0.903393 -0.422865 -101.773 184.439 62.7154 69.1273 8.0892 5.35173 0.980245
13072052045930  52828110744  312637  0.496246 0.421497 -0.758999 0.106583 -0.897204 -0.428561 -98.4471 185.72 64.628 124.402 37.7611 53.5747 0.983664
13072052045938  52828119806  312638  0.528337 0.428806 -0.732793 0.123207 -0.892675 -0.433533 -96.6588 186.425 65.8512 144.548 48.8191 76.0594 0.985152
13072052045947  52828128836  312639  0.558389 0.44112 -0.702578 0.141953 -0.885224 -0.442976 -94.7949 186.843 67.0663 161.583 48.115 92.1668 0.986499
13072052045977  52828137925  312640  0.58859 0.454165 -0.668802 0.167531 -0.877847 -0.448684 -93.1472 187.25 68.3876 167.037 47.1936 106.902 0.987732
13072052046018  52828156067  312642  0.644208 0.475377 -0.599177 0.215058 -0.864367 -0.454554 -89.8698 188.303 71.2701 173.301 51.3662 131.536 0.989867
13072052046082  52828201152  312647  0.724783 0.508712 -0.464652 0.291614 -0.837527 -0.462071 -84.1768 189.882 77.5452 120.328 33.681 130.728 0.987224
13072052046137  52828264434  312654  0.706107 0.525545 -0.474568 0.301155 -0.829444 -0.470455 -84.9705 190.448 79.9661 -12.9565 11.8868 31.4081 0.978269
13072052046150  52828318648  312660  0.61544 0.493188 -0.614816 0.201219 -0.852507 -0.482434 -89.5159 190.331 75.7561 -70.1914 -2.95397 -69.7468 0.987531
13072052046151  52828327703  312661  0.608886 0.48884 -0.624735 0.19056 -0.854631 -0.483003 -89.8373 190.275 75.1604 -60.6149 -3.85349 -68.653 0.988666
13072052046157  52828336743  312662  0.604462 0.4867 -0.630673 0.182232 -0.855158 -0.48528 -89.854 190.143 74.5154 -44.4167 -6.82551 -69.3975 0.989695
13072052046165  52828345751  312663  0.602259 0.488378 -0.631483 0.17868 -0.853433 -0.489618 -89.7223 189.881 73.99 -28.1941 -12.9306 -66.353 1
13072052046174  52828354820  312664  0.602394 0.491125 -0.62922 0.179507 -0.851462 -0.492738 -89.5175 189.7 73.6859 -14.1617 -14.8576 -57.2832 1
13072052046183  52828363851  312665  0.604173 0.496285 -0.623439 0.183724 -0.848053 -0.497042 -89.1503 189.472 73.4325 0.935149 -17.7267 -49.237 1
13072052046194  52828372883  312666  0.606786 0.503334 -0.615196 0.195184 -0.844617 -0.498524 -88.578 189.32 73.3721 18.1286 -17.5002 -37.5183 1
13072052046205  52828381893  312667  0.61139 0.510129 -0.604955 0.205686 -0.840648 -0.501003 -87.8439 189.23 73.4765 35.5381 -15.4243 -24.0217 1
13072052046213  52828390925  312668  0.61738 0.517006 -0.592913 0.21861 -0.836774 -0.502016 -86.9569 189.298 73.8812 52.7995 -9.0997 -5.06451 1
13072052046238  52828399999  312669  0.623786 0.52357 -0.580315 0.229849 -0.832526 -0.504053 -86.0477 189.315 74.3738 65.9058 -6.05965 11.3459 1
13072052046259  52828418111  312671  0.632375 0.53891 -0.556488 0.259055 -0.824119 -0.503705 -84.2353 189.317 75.686 82.4133 -3.56409 40.5849 1
13072052046283  52828436161  312673  0.638586 0.550015 -0.53823 0.283603 -0.818383 -0.499819 -82.643 189.539 77.1152 84.4034 4.53086 58.7809 1
13072052046286  52828463738  312676  0.643628 0.560939 -0.520663 0.303751 -0.811654 -0.498951 -81.1231 189.945 78.9515 64.6137 11.9801 63.5735 1
13072052046292  52828472285  312677  0.644526 0.562468 -0.517896 0.308306 -0.811041 -0.497153 -80.8633 190.126 79.3992 55.6241 14.3867 60.6351 1
13072052046302  52828481347  312678  0.643879 0.565724 -0.515146 0.313529 -0.809242 -0.496816 -80.7098 190.249 79.8051 44.938 14.1858 56.2571 1
13072052046309  52828490376  312679  0.642833 0.568585 -0.5133 0.317043 -0.807499 -0.497422 -80.6393 190.388 80.2284 34.7173 14.4928 53.676 1
13072052046318  52828499413  312680  0.640811 0.571872 -0.512176 0.320648 -0.805554 -0.498264 -80.668 190.526 80.59 24.2744 14.7307 49.9115 1
13072052046328  52828508488  312681  0.637614 0.575816 -0.511746 0.324235 -0.803187 -0.499762 -80.7019 190.561 80.8278 16.531 11.7006 43.3571 0.98992
13072052046336  52828517488  312682  0.634268 0.578564 -0.512805 0.326494 -0.8017 -0.500678 -80.8403 190.735 81.0099 7.76737 13.8062 37.0078 1
13072052046372  52828526553  312683  0.63041 0.581108 -0.514681 0.325924 -0.799896 -0.503925 -81.0459 190.936 81.0686 -0.643401 16.1077 28.5731 1
13072052046398  52828553620  312686  0.605561 0.592761 -0.530972 0.316003 -0.79147 -0.523179 -82.4584 191.769 80.9291 -34.9003 25.6034 6.62288 1
13072052046400  52828580801  312689  0.572414 0.604122 -0.554418 0.299799 -0.78353 -0.544244 -84.7564 192.432 79.9219 -65.4569 23.6869 -21.6615 1
13072052046408  52828589782  312690  0.562482 0.605745 -0.562749 0.29617 -0.783076 -0.546878 -85.5425 192.692 79.5192 -71.5068 25.1262 -28.0138 1
13072052046417  52828598834  312691  0.55451 0.606585 -0.569714 0.291517 -0.782817 -0.549741 -86.1918 192.831 79.098 -71.5705 22.4196 -33.1219 1
13072052046451  52828607888  312692  0.54863 0.606277 -0.575702 0.287389 -0.783381 -0.55111 -86.6528 192.898 78.6816 -65.8705 18.2842 -36.6732 1
13072052046470  52828625973  312694  0.541701 0.606155 -0.582353 0.282966 -0.783872 -0.552697 -87.1787 192.885 78.0618 -48.0902 9.15749 -35.3754 1
13072052046472  52828644046  312696  0.541057 0.60816 -0.58086 0.285078 -0.782428 -0.553658 -87.3593 192.676 77.4829 -29.5686 -1.10291 -33.9425 1
13072052046502  52828653085  312697  0.543281 0.608501 -0.578422 0.28739 -0.782134 -0.552877 -87.2909 192.609 77.2932 -19.3344 -2.83745 -30.3724 1
13072052046548  52828678240  312699  0.558292 0.612373 -0.55974 0.294636 -0.777041 -0.556234 -86.7108 191.985 76.8962 5.6925 -15.2975 -20.9397 1
13072052046564  52828729458  312705  0.619529 0.614937 -0.487889 0.316884 -0.764563 -0.561273 -83.2974 191.267 79.0259 56.747 -6.95515 40.2239 1
13072052046566  52828744298  312707  0.625028 0.613202 -0.483036 0.32472 -0.766963 -0.553466 -82.7179 191.631 79.9135 49.6385 5.8815 48.4774 1
13072052046573  52828754848  312708  0.626488 0.613221 -0.481116 0.333241 -0.768738 -0.545887 -82.3998 192.023 80.6692 43.5264 15.683 55.7388 1
13072052046603  52828765532  312709  0.626675 0.613814 -0.480116 0.338783 -0.769426 -0.541488 -82.2129 192.213 81.0999 35.2784 16.3536 50.8489 1
13072052046621  52828784226  312711  0.62577 0.615429 -0.479227 0.345729 -0.769582 -0.536857 -82.0483 192.384 81.553 22.2603 12.6731 37.6917 1
13072052046638  52828797695  312713  0.62417 0.617505 -0.478644 0.348532 -0.768368 -0.536783 -81.9881 192.364 81.7314 15.3814 7.11535 28.1807 1
13072052046640  52828815744  312715  0.622296 0.619355 -0.478693 0.349671 -0.767069 -0.5379 -82.0028 192.291 81.7828 7.62809 1.89096 16.0577 1
13072052046643  52828824776  312716  0.621388 0.619961 -0.479088 0.349755 -0.766651 -0.53844 -82.0352 192.27 81.7772 4.54034 0.725992 11.4645 1
13072052046653  52828833837  312717  0.619747 0.620959 -0.47992 0.35129 -0.76633 -0.537898 -82.1081 192.261 81.7534 1.0629 0.2623 7.5715 0.976154
13072052046661  52828843078  312718  0.617441 0.622441 -0.480972 0.352759 -0.765614 -0.537956 -82.2063 192.179 81.6916 -2.21729 -2.29692 3.56747 0.978366
13072052046670  52828851920  312719  0.614714 0.624566 -0.48171 0.353617 -0.764135 -0.539493 -82.3546 192.059 81.5615 -6.15586 -5.34575 -1.37694 0.980291
13072052046679  52828860940  312720  0.612081 0.626411 -0.482666 0.354136 -0.762857 -0.540959 -82.5406 191.976 81.4118 -10.1345 -6.4161 -5.56368 0.982077
13072052046688  52828869981  312721  0.609455 0.62848 -0.483298 0.353898 -0.761147 -0.543517 -82.7059 191.845 81.2379 -12.3795 -8.65765 -9.33264 0.983706
13072052046697  52828879053  312722  0.607003 0.629751 -0.484728 0.353689 -0.760291 -0.54485 -82.8365 191.652 81.0721 -12.9382 -12.1178 -11.8044 0.985191
13072052046708  52828888052  312723  0.604885 0.63151 -0.485086 0.352449 -0.758566 -0.548049 -82.9778 191.505 80.8632 -13.6983 -13.2806 -14.9355 0.98653
13072052046715  52828897102  312724  0.603172 0.63266 -0.485721 0.351119 -0.757402 -0.550507 -83.1034 191.42 80.7007 -13.7454 -12.2085 -15.7709 0.987755
13072052046725  52828906246  312725  0.601784 0.63378 -0.485983 0.349309 -0.756077 -0.553472 -83.2069 191.327 80.5509 -13.0723 -11.638 -15.9388 0.98888
13072052046747  52828915192  312726  0.600688 0.634554 -0.486328 0.348278 -0.755244 -0.555256 -83.2822 191.267 80.4454 -11.798 -10.2984 -14.8063 0.98988
13072052046749  52828924261  312727  0.59966 0.635334 -0.486578 0.347553 -0.754455 -0.556781 -83.3521 191.216 80.3504 -10.6702 -9.00947 -13.6118 1
13072052046752  52828933252  312728  0.598801 0.636042 -0.486712 0.347021 -0.753748 -0.558069 -83.3992 191.172 80.2796 -9.17974 -7.88981 -12.0369 1
13072052046760  52828942278  312729  0.598155 0.636634 -0.486732 0.346549 -0.75313 -0.559195 -83.4299 191.137 80.226 -7.58942 -6.76566 -10.3587 1
13072052046789  52828951654  312730  0.597643 0.637282 -0.486513 0.346161 -0.752431 -0.560375 -83.4554 191.107 80.1756 -6.20406 -5.76611 -8.94155 1
