SoftwareTimeStamp LeapTimeStamp  FrameID  HandDirection:X HandDirection:Y HandDirection:Z  PalmNorm:X PalmNorm:Y PalmNorm:Z  PalmPos:X PalmPos:Y PalmPos:Z  PalmVel:X PalmVel:Y PalmVel:Z Confidence
13072066293674  67075856560  6994  0.613135 0.485013 -0.623561 0.299968 -0.87316 -0.384202 -107.94 145.161 30.6466 -0.62438 -0.972055 -0.655012 1
13072066293676  67075865200  6995  0.613202 0.485091 -0.623434 0.299481 -0.873076 -0.384772 -107.95 145.149 30.6381 -0.76637 -1.09255 -0.744963 1
13072066293684  67075873888  6996  0.613265 0.485164 -0.623316 0.299028 -0.872998 -0.3853 -107.959 145.137 30.6301 -0.847315 -1.15213 -0.790899 1
13072066293692  67075882580  6997  0.613348 0.485185 -0.623218 0.298625 -0.872954 -0.385713 -107.971 145.133 30.6227 -0.993704 -0.984679 -0.806447 1
13072066293701  67075891254  6998  0.613459 0.485232 -0.623071 0.298211 -0.872891 -0.386176 -107.989 145.127 30.6131 -1.28814 -0.890644 -0.886473 1
13072066293717  67075899934  6999  0.613644 0.485152 -0.622952 0.297904 -0.872911 -0.386367 -108.032 145.152 30.5995 -2.24512 0.102244 -1.06838 1
13072066293725  67075908581  7000  0.613831 0.485061 -0.622838 0.297661 -0.872943 -0.386483 -108.079 145.182 30.5866 -3.10495 0.995344 -1.17856 1
13072066293726  67075917311  7001  0.614013 0.484972 -0.622729 0.297412 -0.872972 -0.386609 -108.126 145.213 30.5741 -3.70324 1.69906 -1.24747 1
13072066293741  67075925921  7002  0.614125 0.484994 -0.622601 0.297275 -0.872943 -0.386778 -108.167 145.235 30.5631 -3.97279 1.91769 -1.25445 1
13072066293744  67075934593  7003  0.614237 0.48512 -0.622391 0.297276 -0.87286 -0.386966 -108.213 145.251 30.5481 -4.34735 1.89024 -1.38104 1
13072066293757  67075943255  7004  0.614323 0.485344 -0.622133 0.297397 -0.872726 -0.387175 -108.263 145.264 30.5309 -4.72585 1.77984 -1.54131 1
13072066293761  67075951944  7005  0.614375 0.485657 -0.621836 0.297583 -0.872542 -0.387446 -108.308 145.27 30.5181 -4.84572 1.49655 -1.52374 1
13072066293774  67075960631  7006  0.614348 0.486143 -0.621483 0.297801 -0.872256 -0.387923 -108.348 145.265 30.5097 -4.77557 0.934408 -1.37555 1
13072066293788  67075969343  7007  0.614318 0.486505 -0.621229 0.297918 -0.872039 -0.38832 -108.384 145.268 30.5048 -4.60068 0.792677 -1.1583 1
13072066293790  67075977965  7008  0.614313 0.486806 -0.620999 0.297983 -0.871857 -0.38868 -108.42 145.278 30.5021 -4.4796 0.891345 -0.935313 1
13072066293808  67075986660  7009  0.614319 0.487052 -0.6208 0.297967 -0.871701 -0.389042 -108.456 145.293 30.502 -4.38905 1.10025 -0.688301 1
13072066293809  67075995325  7010  0.614324 0.487272 -0.620622 0.297952 -0.871562 -0.389364 -108.488 145.306 30.502 -4.20818 1.20661 -0.507439 1
13072066293819  67076003963  7011  0.614355 0.487433 -0.620465 0.297891 -0.871454 -0.389651 -108.523 145.33 30.5028 -4.18834 1.63186 -0.348009 1
13072066293822  67076012658  7012  0.614409 0.487617 -0.620267 0.297864 -0.871334 -0.389941 -108.564 145.355 30.5007 -4.32227 1.97852 -0.318445 1
13072066293834  67076021306  7013  0.614447 0.487815 -0.620073 0.297855 -0.871207 -0.390231 -108.605 145.379 30.4957 -4.41247 2.17308 -0.38619 1
13072066293839  67076029989  7014  0.614466 0.488002 -0.619908 0.297812 -0.871086 -0.390535 -108.642 145.401 30.4904 -4.37229 2.26935 -0.447878 1
13072066293850  67076038693  7015  0.614476 0.488105 -0.619817 0.297693 -0.871011 -0.390792 -108.679 145.431 30.485 -4.35818 2.59415 -0.491903 1
13072066293857  67076047435  7016  0.614471 0.488189 -0.619755 0.297546 -0.870947 -0.391047 -108.717 145.466 30.4796 -4.35661 2.96145 -0.527831 1
13072066293866  67076055994  7017  0.614423 0.487723 -0.620169 0.297091 -0.871208 -0.39081 -108.775 145.583 30.4764 -5.00078 5.78847 -0.487098 1
13072066293874  67076064735  7018  0.614468 0.487632 -0.620197 0.296814 -0.871242 -0.390945 -108.841 145.651 30.4511 -5.65598 6.30976 -1.13062 1
13072066293882  67076073330  7019  0.614463 0.48757 -0.62025 0.296595 -0.871265 -0.391062 -108.904 145.709 30.4217 -6.11078 6.43362 -1.73731 1
13072066293898  67076082042  7020  0.614443 0.487451 -0.620364 0.296273 -0.871316 -0.391192 -108.964 145.764 30.3901 -6.32495 6.41114 -2.24132 1
13072066293900  67076090680  7021  0.614368 0.487383 -0.620491 0.295837 -0.871328 -0.391493 -109.01 145.802 30.3555 -6.05632 5.85098 -2.70698 1
13072066293914  67076099373  7022  0.614337 0.487258 -0.620621 0.295181 -0.871358 -0.391923 -109.065 145.847 30.3092 -6.1419 5.69056 -3.40701 1
13072066293917  67076108042  7023  0.614291 0.487296 -0.620637 0.294411 -0.871275 -0.392686 -109.126 145.871 30.2547 -6.37225 4.91045 -4.17202 1
13072066293931  67076116732  7024  0.61425 0.486529 -0.621277 0.294197 -0.871744 -0.391803 -109.295 146.06 30.1343 -9.83954 9.38305 -6.75295 1
13072066293935  67076125416  7025  0.614119 0.485761 -0.622008 0.294248 -0.872238 -0.390664 -109.488 146.229 30.0118 -13.1618 12.0712 -8.71166 1
13072066293946  67076134079  7026  0.613902 0.484618 -0.623113 0.293794 -0.87293 -0.389458 -109.645 146.4 29.9057 -14.4678 14.1317 -9.65079 1
13072066293961  67076142767  7027  0.613709 0.483927 -0.62384 0.293194 -0.873325 -0.389025 -109.778 146.497 29.8164 -14.706 13.3279 -9.81797 1
13072066293962  67076151410  7028  0.613148 0.483673 -0.624588 0.293925 -0.873564 -0.387935 -109.381 146.561 28.9417 1.40732 11.7571 -34.0627 1
13072066293977  67076160152  7029  0.614459 0.484231 -0.622864 0.29029 -0.872867 -0.392217 -109.144 146.604 27.8266 8.29184 9.92665 -59.1077 1
13072066293978  67076168735  7030  0.616365 0.483978 -0.621176 0.286075 -0.87256 -0.39598 -108.956 146.691 26.8375 11.877 9.97075 -73.9108 1
13072066293991  67076177459  7031  0.617921 0.484973 -0.61885 0.283117 -0.871547 -0.400313 -108.854 146.636 26.0906 11.8096 5.63527 -77.0405 1
13072066293995  67076186091  7032  0.617795 0.486539 -0.617745 0.28496 -0.870721 -0.400802 -108.798 146.617 25.5383 10.3961 3.54851 -73.5793 1
13072066294008  67076194752  7033  0.617457 0.487684 -0.61718 0.286779 -0.870176 -0.400689 -108.781 146.59 25.0991 8.15954 1.775 -67.5003 1
13072066294013  67076203428  7034  0.616841 0.488631 -0.617047 0.28814 -0.869729 -0.400683 -108.725 146.554 24.717 7.72334 0.191325 -61.2581 1
13072066294022  67076212079  7035  0.616083 0.489968 -0.616744 0.290344 -0.869113 -0.400428 -108.592 146.447 24.2356 9.76129 -3.13567 -59.7691 1
13072066294030  67076220807  7036  0.61494 0.491559 -0.616618 0.292865 -0.868377 -0.400189 -108.433 146.293 23.809 11.997 -7.02656 -56.8551 1
13072066294038  67076229420  7037  0.614269 0.492871 -0.616241 0.294971 -0.86775 -0.400001 -108.339 146.139 23.4448 11.7117 -9.87018 -53.0008 1
13072066294055  67076238138  7038  0.614017 0.493354 -0.616104 0.296485 -0.867582 -0.399247 -108.213 145.996 23.0388 12.4463 -11.6236 -51.2832 1
13072066294056  67076246795  7039  0.613185 0.494317 -0.616161 0.298265 -0.867154 -0.398851 -108.013 145.771 22.6683 15.287 -15.4376 -49.0264 1
13072066294070  67076255559  7040  0.612328 0.495539 -0.616032 0.300197 -0.866566 -0.398679 -107.807 145.515 22.3431 17.4987 -19.1354 -45.8292 1
13072066294074  67076264145  7041  0.612162 0.496042 -0.615792 0.301033 -0.866317 -0.398589 -107.66 145.313 22.0913 17.386 -20.3056 -41.4759 1
13072066294085  67076272813  7042  0.613174 0.496254 -0.614613 0.29852 -0.865916 -0.401341 -107.466 145.01 21.8136 18.7228 -24.2041 -38.9637 1
13072066294100  67076281456  7043  0.613885 0.496239 -0.613915 0.296753 -0.865731 -0.403048 -107.315 144.794 21.6166 18.3783 -24.4134 -34.6732 1
13072066294101  67076290152  7044  0.614736 0.496735 -0.612661 0.296548 -0.865335 -0.404047 -107.23 144.57 21.4108 16.1039 -24.7566 -31.7406 1
13072066294118  67076298823  7045  0.615248 0.497407 -0.611601 0.297163 -0.864917 -0.40449 -107.122 144.312 21.1982 15.1091 -26.0819 -29.8165 1
13072066294119  67076307529  7046  0.615502 0.498115 -0.610769 0.297752 -0.864487 -0.404976 -106.972 144.04 21.0052 15.695 -27.457 -27.7767 1
13072066294134  67076316155  7047  0.615646 0.498423 -0.610372 0.297985 -0.864295 -0.405215 -106.85 143.854 20.8675 15.2936 -25.8973 -24.6484 1
13072066294135  67076324831  7048  0.615615 0.498712 -0.610167 0.298285 -0.864133 -0.40534 -106.752 143.708 20.7643 14.2172 -23.5032 -21.2528 1
13072066294150  67076333510  7049  0.615447 0.498949 -0.610143 0.298539 -0.86401 -0.405416 -106.67 143.589 20.6874 12.941 -20.8873 -17.9546 1
13072066294152  67076342167  7050  0.615332 0.499041 -0.610185 0.298643 -0.863965 -0.405434 -106.613 143.497 20.6241 11.2482 -18.1732 -15.1285 1
13072066294165  67076350868  7051  0.615274 0.499018 -0.610262 0.298572 -0.863978 -0.405459 -106.576 143.42 20.5713 9.37652 -15.6827 -12.7103 1
13072066294170  67076359549  7052  0.615382 0.498852 -0.610288 0.298455 -0.86407 -0.405348 -106.572 143.361 20.5163 7.00826 -13.2966 -11.0127 1
13072066294178  67076368183  7053  0.615549 0.498571 -0.61035 0.298084 -0.864212 -0.405319 -106.582 143.311 20.4674 4.86045 -11.3326 -9.59525 1
13072066294195  67076376878  7054  0.615584 0.498248 -0.610578 0.297608 -0.864381 -0.40531 -106.595 143.262 20.4303 3.14769 -9.79054 -8.17445 1
13072066294196  67076385593  7055  0.615698 0.497777 -0.610847 0.296922 -0.864622 -0.405298 -106.637 143.216 20.3861 1.01805 -8.58745 -7.34464 1
13072066294212  67076394204  7056  0.615969 0.496982 -0.611221 0.29575 -0.865023 -0.4053 -106.702 143.211 20.3589 -1.22994 -6.47239 -6.2394 1
13072066294214  67076402909  7057  0.616324 0.496038 -0.61163 0.293985 -0.865458 -0.405653 -106.809 143.198 20.3247 -4.2035 -5.13986 -5.62108 1
13072066294229  67076411512  7058  0.616394 0.495416 -0.612063 0.292367 -0.865709 -0.406287 -106.937 143.147 20.2928 -7.01576 -5.36965 -5.11632 1
13072066294231  67076420237  7059  0.616472 0.494554 -0.612681 0.290756 -0.866118 -0.406573 -107.131 143.127 20.2747 -11.092 -4.54455 -4.30356 1
13072066294246  67076428888  7060  0.617264 0.493217 -0.612962 0.287735 -0.866648 -0.407589 -107.419 143.138 20.2479 -16.9687 -2.99834 -3.98138 1
13072066294258  67076437549  7061  0.617651 0.492378 -0.613246 0.284598 -0.866851 -0.409356 -107.676 143.127 20.249 -20.3475 -2.52911 -2.88932 1
13072066294261  67076446223  7062  0.618678 0.489872 -0.614217 0.279864 -0.867932 -0.410329 -107.955 143.24 20.2741 -23.4853 1.61834 -1.35197 1
13072066294273  67076454917  7063  0.61986 0.48815 -0.614396 0.276012 -0.868555 -0.411617 -108.286 143.317 20.2384 -27.3887 3.52304 -2.08511 1
13072066294276  67076463580  7064  0.62083 0.48661 -0.614638 0.272796 -0.86913 -0.412548 -108.604 143.403 20.1804 -29.8669 5.24844 -3.31153 1
13072066294290  67076472300  7065  0.624842 0.479933 -0.615822 0.265527 -0.872367 -0.410452 -109.188 143.86 20.1274 -39.7766 17.8404 -4.05013 1
13072066294293  67076480944  7066  0.624479 0.479366 -0.616631 0.264742 -0.872676 -0.410302 -109.45 143.903 20.1453 -37.2763 14.4303 -2.42692 1
13072066294304  67076489618  7067  0.624543 0.478673 -0.617105 0.263169 -0.872932 -0.41077 -109.706 143.955 20.1636 -35.2051 12.1927 -1.22068 1
13072066294319  67076498256  7068  0.627209 0.47447 -0.617646 0.257402 -0.874739 -0.410579 -110.134 144.19 20.1539 -39.0158 16.1674 -1.19414 1
13072066294321  67076506941  7069  0.628471 0.471765 -0.618435 0.253601 -0.875906 -0.410458 -110.409 144.32 20.1464 -37.0374 15.8621 -1.10658 1
13072066294344  67076515654  7070  0.628042 0.471774 -0.618865 0.252752 -0.875823 -0.411158 -110.503 144.271 20.1459 -30.0298 10.1158 -0.823899 1
13072066294354  67076532946  7072  0.627613 0.470931 -0.61994 0.250847 -0.876157 -0.411612 -110.655 144.226 20.125 -20.2712 4.21755 -1.01317 1
13072066294355  67076541647  7073  0.627471 0.470458 -0.620443 0.24978 -0.876335 -0.411882 -110.721 144.183 20.0952 -16.8779 1.76947 -1.65772 1
13072066294369  67076550297  7074  0.627646 0.469603 -0.620913 0.248555 -0.876714 -0.411818 -110.773 144.156 20.0338 -14.0073 0.451043 -3.10104 1
13072066294371  67076558936  7075  0.627621 0.468699 -0.621622 0.24749 -0.877165 -0.411499 -110.788 144.12 19.9574 -10.7524 -0.76354 -4.62494 1
13072066294384  67076567635  7076  0.627975 0.467211 -0.622383 0.245673 -0.877857 -0.411111 -110.795 144.077 19.8282 -8.10237 -1.87545 -7.35291 1
13072066294388  67076576300  7077  0.628465 0.46528 -0.623335 0.243347 -0.878752 -0.410582 -110.784 144.033 19.6715 -5.60453 -2.72937 -10.206 1
13072066294408  67076584971  7078  0.629148 0.463157 -0.624227 0.240863 -0.879723 -0.409966 -110.779 143.968 19.494 -3.94905 -3.98447 -12.9362 1
13072066294419  67076593654  7079  0.629368 0.46136 -0.625335 0.238139 -0.880482 -0.409928 -110.717 143.828 19.3096 -1.01104 -7.24262 -15.1451 1
13072066294433  67076602357  7080  0.629439 0.459967 -0.626288 0.23565 -0.881019 -0.410214 -110.655 143.648 19.1399 1.15976 -10.824 -16.3087 1
13072066294446  67076619694  7082  0.630045 0.4566 -0.62814 0.230948 -0.88245 -0.409812 -110.575 143.392 18.8631 2.69604 -12.511 -16.0924 1
13072066294449  67076637006  7084  0.628951 0.454156 -0.631001 0.227373 -0.883602 -0.409328 -110.35 143.083 18.6167 7.33147 -14.7936 -15.1274 1
13072066294468  67076645698  7085  0.628579 0.453242 -0.632029 0.226162 -0.884045 -0.409042 -110.278 142.963 18.5134 7.57436 -14.5345 -14.2627 1
13072066294484  67076654351  7086  0.627883 0.452621 -0.633164 0.225436 -0.884404 -0.408666 -110.194 142.813 18.4215 8.13349 -15.2656 -13.2972 1
13072066294497  67076671726  7088  0.62739 0.449718 -0.635716 0.221986 -0.885792 -0.407548 -110.023 142.691 18.2666 8.85492 -10.9473 -11.1753 1
13072066294510  67076680409  7089  0.627749 0.446852 -0.637381 0.21938 -0.887187 -0.405921 -109.944 142.738 18.1809 8.92355 -6.57851 -10.8281 1
13072066294513  67076697686  7091  0.628186 0.441393 -0.640746 0.215236 -0.889959 -0.402052 -109.761 142.791 17.9437 9.55628 -2.74506 -12.1514 1
13072066294536  67076706426  7092  0.628074 0.440069 -0.641765 0.214433 -0.890675 -0.400894 -109.694 142.759 17.8523 9.0453 -2.97379 -11.6964 1
13072066294549  67076723740  7094  0.627332 0.437188 -0.644454 0.212831 -0.892292 -0.398142 -109.504 142.751 17.629 9.89003 -1.96396 -12.3586 1
13072066294562  67076732392  7095  0.627309 0.435427 -0.645668 0.211118 -0.893122 -0.397192 -109.38 142.752 17.5183 11.0665 -1.40787 -12.4727 1
13072066294575  67076749785  7097  0.627215 0.433146 -0.647291 0.208086 -0.894073 -0.396652 -109.151 142.737 17.3201 11.9729 -1.13069 -11.8682 0.971751
13072066294587  67076767065  7099  0.627301 0.431966 -0.647996 0.207889 -0.894757 -0.395212 -109.069 142.818 17.211 8.493 1.57084 -9.33323 0.976161
13072066294589  67076775776  7100  0.627177 0.431548 -0.648395 0.208606 -0.89513 -0.393986 -109.035 142.907 17.1686 7.27941 3.88741 -8.14015 0.978252
13072066294606  67076784432  7101  0.6269 0.432077 -0.64831 0.209761 -0.895005 -0.393658 -109.022 142.944 17.1458 5.73281 3.96835 -6.67587 0.980148
13072066294618  67076793129  7102  0.626484 0.432787 -0.648239 0.21147 -0.894862 -0.393068 -109.011 143.014 17.1258 4.54031 5.07142 -5.51043 0.981886
13072066294621  67076801780  7103  0.625817 0.433594 -0.648343 0.213695 -0.894752 -0.392115 -108.995 143.139 17.1268 3.81575 7.55805 -4.01647 0.983464
13072066294644  67076810443  7104  0.625238 0.434284 -0.64844 0.21566 -0.894661 -0.391244 -108.976 143.283 17.1312 3.40849 9.972 -2.81398 0.984906
13072066294656  67076827788  7106  0.623242 0.43653 -0.648854 0.221798 -0.894305 -0.388619 -108.944 143.827 17.135 2.72951 20.1847 -1.53934 0.987427
13072066294670  67076845115  7108  0.621373 0.441075 -0.647571 0.225319 -0.892176 -0.391476 -108.895 144.168 17.0947 2.72327 20.0132 -1.86566 0.97083
13072066294684  67076853807  7109  0.62052 0.442639 -0.647322 0.231191 -0.892037 -0.388357 -108.998 144.817 17.1269 -1.14441 34.5765 -0.378619 0.973382
13072066294686  67076871152  7111  0.617937 0.449177 -0.645286 0.237148 -0.888996 -0.391724 -109.035 145.18 17.146 -1.77534 28.487 0.395056 0.976618
13072066294691  67076879815  7112  0.616752 0.452246 -0.644275 0.241225 -0.887692 -0.392192 -109.074 145.503 17.1909 -2.48596 30.8268 1.66709 0.978205
13072066294700  67076888493  7113  0.614769 0.456393 -0.643245 0.250443 -0.886321 -0.389503 -109.191 145.83 17.3424 -5.42088 32.6437 5.8706 0.980109
13072066294710  67076897174  7114  0.613247 0.460119 -0.642042 0.254193 -0.884543 -0.391114 -109.2 145.848 17.4423 -4.24042 24.492 7.37069 0.9794
13072066294717  67076905870  7115  0.610872 0.465009 -0.640782 0.26366 -0.88263 -0.389163 -109.279 145.975 17.6548 -5.53003 21.8803 11.9232 0.981203
13072066294743  67076931893  7116  0.605797 0.47369 -0.63924 0.289843 -0.879632 -0.377146 -109.444 146.506 18.3415 -6.0232 20.9882 20.6707 0.985711
13072066294757  67076940541  7117  0.604614 0.475049 -0.639352 0.297784 -0.879288 -0.371722 -109.485 146.804 18.5644 -5.69112 24.5394 22.0234 0.986955
13072066294761  67076949203  7118  0.602288 0.479037 -0.63857 0.311658 -0.877557 -0.364367 -109.521 147 18.836 -5.27605 24.035 24.5058 0.986969
13072066294775  67076957890  7119  0.600325 0.481894 -0.63827 0.320915 -0.876159 -0.359664 -109.433 147.215 19.096 -1.1586 24.2449 25.9502 0.987995
13072066294778  67076966569  7120  0.598954 0.483329 -0.638473 0.332733 -0.875435 -0.350574 -109.382 147.588 19.3714 0.70402 29.2139 27.4882 0.989044
13072066294792  67076975313  7121  0.59772 0.484327 -0.638873 0.345589 -0.874708 -0.339786 -109.33 148.02 19.6369 2.09801 34.6149 28.2609 1
13072066294806  67076983877  7122  0.596613 0.485966 -0.638663 0.356887 -0.873452 -0.33123 -109.283 148.293 19.823 2.99677 33.9112 26.5404 1
13072066294809  67076992547  7123  0.595261 0.488471 -0.638012 0.365545 -0.87171 -0.326342 -109.192 148.406 19.9742 4.99427 28.3445 24.1206 1
13072066294821  67077001299  7124  0.593614 0.490348 -0.638108 0.376805 -0.869994 -0.318008 -109.084 148.664 20.1758 6.94685 28.6549 23.8293 1
13072066294823  67077009896  7125  0.59177 0.492889 -0.637863 0.387625 -0.867791 -0.310944 -108.956 148.827 20.3582 9.05151 26.0841 23.1388 1
13072066294837  67077018591  7126  0.589312 0.495871 -0.637826 0.399981 -0.865011 -0.302936 -108.816 148.981 20.5532 10.9444 23.8809 22.9481 1
13072066294839  67077027252  7127  0.586307 0.499199 -0.638 0.413204 -0.8617 -0.294508 -108.681 149.109 20.7551 12.175 21.4516 23.0439 0.988973
13072066294853  67077035948  7128  0.582426 0.504336 -0.637515 0.428279 -0.856969 -0.286674 -108.493 149.117 20.9124 14.6959 15.9777 21.723 0.970185
13072066294856  67077044594  7129  0.577347 0.508678 -0.638684 0.448824 -0.85116 -0.272184 -108.312 149.31 21.2702 16.348 17.6562 26.9405 0.972697
13072066294870  67077053293  7130  0.572254 0.511918 -0.640676 0.471346 -0.844621 -0.253867 -108.162 149.564 21.648 16.5879 20.7242 31.3402 0.97508
13072066294883  67077061907  7131  0.56756 0.511865 -0.644879 0.498302 -0.837069 -0.225856 -108.092 150.155 22.029 14.3527 33.3951 34.7499 0.977242
13072066294886  67077070671  7132  0.562818 0.514972 -0.64656 0.51869 -0.829067 -0.208826 -107.94 150.361 22.2126 15.1641 30.7356 31.0452 0.926913
13072066294903  67077079283  7133  0.556354 0.517023 -0.650506 0.544608 -0.818149 -0.184482 -107.792 150.774 22.4411 15.6937 35.3061 29.8518 0.93176
13072066294915  67077087944  7134  0.549674 0.516432 -0.656625 0.577795 -0.802716 -0.147647 -107.79 151.373 22.598 11.568 44.2943 26.7327 0.937712
13072066294918  67077105284  7136  0.537063 0.510365 -0.671633 0.636116 -0.76795 -0.0748926 -107.571 152.808 22.8305 11.9057 63.042 20.8864 0.946932
13072066294933  67077113947  7137  0.530164 0.510339 -0.677111 0.663047 -0.747279 -0.0440719 -107.446 153.193 22.7012 12.587 58.1218 11.3645 0.950928
13072066294935  67077122621  7138  0.523555 0.510825 -0.681871 0.685765 -0.727587 -0.0185294 -107.317 153.461 22.6073 13.1669 50.8693 5.45951 0.955214
13072066294949  67077131301  7139  0.515186 0.509199 -0.689419 0.714986 -0.698904 0.0180872 -107.279 153.92 22.4519 10.8518 51.4114 -0.759981 0.959128
13072066294951  67077139970  7140  0.506178 0.508332 -0.696693 0.742972 -0.667223 0.0529714 -107.223 154.23 22.2882 9.68363 47.2492 -5.5787 0.962427
13072066294972  67077148687  7141  0.496799 0.501762 -0.708114 0.775154 -0.623477 0.102044 -107.333 154.843 22.0495 3.7044 53.3939 -11.4068 0.965724
13072066294983  67077157338  7142  0.488813 0.497418 -0.716685 0.797854 -0.587158 0.136655 -107.318 155.075 21.9398 3.18203 46.3322 -11.746 0.96871
13072066294995  67077174657  7144  0.469791 0.485052 -0.737578 0.842421 -0.496069 0.21034 -107.213 155.56 21.5257 4.47 39.0808 -17.8048 0.923578
13072066294997  67077183321  7145  0.460487 0.472132 -0.751694 0.863888 -0.433054 0.25722 -107.242 155.93 21.1855 2.39424 40.0251 -23.5084 0.840899
13072066295009  67077192054  7146  0.456109 0.456925 -0.763665 0.879409 -0.362942 0.308079 -107.039 155.65 20.6783 7.97688 20.7423 -32.7609 0.648556
13072066295012  67077200677  7147  0.455562 0.439178 -0.774329 0.887633 -0.290163 0.357649 -107.149 155.542 19.8817 2.48557 11.9499 -48.5456 0.666527
13072066295025  67077209377  7148  0.460988 0.417454 -0.783085 0.887394 -0.212153 0.409296 -107.29 155.684 18.7676 -2.51839 13.0905 -69.7597 0.672001
13072066295040  67077218044  7149  0.43904 0.437052 -0.785003 0.891237 -0.101223 0.442098 -106.921 156.306 17.1329 9.49366 28.7087 -101.362 0.513231
13072066295042  67077226710  7150  0.444985 0.416403 -0.792841 0.879015 -0.0338097 0.475594 -108.412 156.405 16.6159 -38.7781 24.1207 -90.2744 0.394972
13072066295055  67077235387  7151  0.438265 0.394928 -0.807438 0.870262 0.0382982 0.491098 -109.22 156.864 16.1425 -53.2587 31.7729 -80.7676 0.406948
13072066295057  67077244056  7152  0.582314 0.240753 -0.776497 0.740737 0.236451 0.628808 -113.858 148.011 19.3032 -181.376 -248.291 37.6832 0.301242
13072066295075  67077252714  7153  0.665132 0.185835 -0.723232 0.632414 0.374807 0.677917 -115.602 141.824 21.3504 -186.718 -372.189 90.4925 0.316884
13072066295088  67077261391  7154  0.702418 0.14725 -0.696367 0.572479 0.464478 0.675669 -116.289 141.014 21.2596 -158.08 -297.945 63.6205 0.341587
13072066295090  67077278735  7156  0.729354 0.129029 -0.671859 0.518019 0.537319 0.66554 -115.914 140.447 20.4656 -72.6479 -174.552 11.3396 0.383671
13072066295104  67077287430  7157  0.739443 0.11971 -0.662491 0.491555 0.576387 0.652803 -115.685 140.271 20.1747 -46.257 -133.398 -0.607206 0.400953
13072066295106  67077296083  7158  0.745044 0.113651 -0.657262 0.476059 0.59959 0.643319 -115.509 140.174 20.0818 -28.5722 -100.976 -3.29584 0.422539
13072066295119  67077304772  7159  0.749559 0.108967 -0.652907 0.463502 0.617787 0.635221 -115.513 140.034 20.0319 -21.0827 -78.3547 -3.9478 0.44758
13072066295135  67077313429  7160  0.756047 0.103144 -0.64634 0.44661 0.640595 0.624642 -115.635 139.831 19.9071 -19.2052 -63.7528 -6.72917 0.471901
13072066295137  67077322124  7161  0.757685 0.100028 -0.64491 0.442176 0.648113 0.620024 -115.667 139.854 19.9142 -15.0711 -46.0422 -4.71741 0.484313
13072066295149  67077330774  7162  0.767348 0.090921 -0.634752 0.422558 0.672862 0.607208 -116.135 139.879 19.5655 -25.4453 -33.0576 -14.1672 0.493546
13072066295152  67077339470  7163  0.773929 0.0858489 -0.627427 0.404026 0.695994 0.593595 -116.57 140.012 19.2217 -31.9915 -20.1801 -20.9325 0.447028
13072066295168  67077348147  7164  0.786153 0.0768547 -0.613234 0.376216 0.727706 0.573502 -118.1 141.07 18.2905 -70.4275 17.6636 -43.9252 0.357421
13072066295170  67077356809  7165  0.785702 0.0671396 -0.614951 0.368394 0.747809 0.552329 -118.718 142.124 18.1871 -70.6512 45.3055 -35.4233 0.357741
13072066295176  67077365470  7166  0.782466 0.0607234 -0.619725 0.362248 0.765106 0.532343 -119.332 142.622 18.0512 -70.7344 48.5464 -30.1808 0.361533
13072066295185  67077374150  7167  0.774038 0.0723925 -0.628986 0.347993 0.781285 0.518165 -120.344 142.637 18.1667 -82.94 36.0789 -18.6004 0.369713
13072066295206  67077382805  7168  0.761282 0.0849374 -0.642834 0.337534 0.794566 0.504714 -121.096 142.623 18.1993 -83.9674 26.0596 -12.6598 0.384987
13072066295218  67077391500  7169  0.751222 0.0939215 -0.653333 0.325347 0.808535 0.490327 -121.535 142.405 18.3076 -75.0433 12.4291 -5.96271 0.400362
13072066295231  67077400142  7170  0.743839 0.104361 -0.660161 0.305606 0.825323 0.474813 -121.814 141.995 18.0721 -63.6979 -3.4555 -11.6115 0.413416
13072066295244  67077417530  7172  0.728556 0.124023 -0.673665 0.253408 0.864898 0.433286 -121.434 141.073 16.9249 -23.5527 -26.097 -37.9261 0.426595
13072066295247  67077434846  7174  0.720187 0.132351 -0.681038 0.218934 0.888121 0.404114 -121.046 140.625 16.1754 -2.31878 -25.5713 -39.7323 0.43359
13072066295261  67077443497  7175  0.715476 0.135286 -0.685414 0.204647 0.897455 0.390761 -120.722 140.421 16.0187 8.23228 -25.0472 -33.9918 0.395426
13072066295264  67077452196  7176  0.687202 0.0768546 -0.72239 0.0436302 0.988227 0.146642 -114.152 133.742 9.3814 207.482 -223.182 -228.456 0.402187
13072066295291  67077460832  7177  0.683053 0.0365042 -0.729456 -0.0483364 0.99882 0.00472247 -109.558 131.641 4.38502 293.511 -228.494 -321.268 0.430535
13072066295304  67077478169  7179  0.705752 -0.00951386 -0.708395 -0.12003 0.983849 -0.132796 -102.314 131.715 -2.69418 345.503 -122.544 -352.541 0.479649
13072066295317  67077486989  7180  0.711094 -0.0243789 -0.702674 -0.123526 0.979522 -0.15899 -100.596 131.83 -3.4431 304.833 -85.9402 -280.305 0.505673
13072066295330  67077504246  7182  0.715923 -0.0297377 -0.697546 -0.118024 0.979559 -0.162893 -100.054 131.684 -3.4301 176.863 -50.3244 -149.866 0.545028
13072066295343  67077512903  7183  0.719919 -0.0306174 -0.693383 -0.112208 0.98075 -0.159809 -100.259 131.559 -3.07015 123.584 -40.8101 -99.008 0.554814
13072066295355  67077530211  7185  0.727397 -0.0344657 -0.68535 -0.0975686 0.983396 -0.153009 -100.45 131.576 -2.10381 61.4493 -21.2874 -27.2415 0.604823
13072066295368  67077538887  7186  0.732502 -0.0330174 -0.679963 -0.0864297 0.98623 -0.140997 -100.827 131.469 -1.49167 33.5414 -18.9163 -1.21271 0.616513
13072066295371  67077556245  7188  0.739788 -0.0286169 -0.672231 -0.0683061 0.990739 -0.117346 -101.516 131.688 -0.231065 -0.613653 -4.08461 33.1595 0.642218
13072066295392  67077564929  7189  0.741886 -0.0277743 -0.669951 -0.0597226 0.992434 -0.107279 -101.768 131.908 0.302194 -8.17111 3.73103 40.6835 0.66275
13072066295406  67077582241  7191  0.744656 -0.0211694 -0.667113 -0.0490415 0.99506 -0.0863181 -102.008 132.294 0.707032 -10.5482 12.4767 31.7118 0.690366
13072066295420  67077590932  7192  0.744213 -0.0137291 -0.667802 -0.0413584 0.996923 -0.0665861 -102.04 132.723 0.729066 -8.69896 22.318 23.935 0.698048
13072066295437  67077608244  7194  0.742829 0.000733138 -0.669481 -0.0257937 0.999288 -0.0275253 -102.584 133.165 0.991198 -18.7184 23.8517 19.9986 0.722932
13072066295453  67077625640  7196  0.73645 0.019488 -0.676211 -0.00218101 0.999648 0.026434 -103.232 134.075 1.2298 -27.428 37.3365 17.3971 0.743264
13072066295470  67077642954  7198  0.728513 0.0395456 -0.68389 0.0134069 0.997318 0.0719512 -103.69 134.831 1.4034 -26.4198 39.6278 13.0865 0.75474
13072066295488  67077660283  7200  0.720342 0.0656626 -0.690504 0.0329814 0.99114 0.128658 -103.753 136.036 0.992599 -15.7838 52.9128 -3.67574 0.735767
13072066295504  67077677659  7202  0.715317 0.0874347 -0.693308 0.050322 0.98312 0.175903 -103.444 137.323 0.392179 1.17569 63.5583 -18.7919 0.642344
13072066295520  67077686310  7203  0.712941 0.0972084 -0.694454 0.0567802 0.97909 0.195343 -103.259 137.883 0.213744 6.55841 63.8575 -19.2788 0.653934
13072066295534  67077703703  7205  0.711136 0.105419 -0.695106 0.0668597 0.974073 0.216129 -103.051 138.598 0.151521 9.17795 53.4322 -12.1146 0.675653
13072066295547  67077721022  7207  0.710993 0.116832 -0.693426 0.072598 0.968637 0.237638 -102.698 139.526 -0.0911423 14.5741 53.3651 -12.8007 0.683958
13072066295558  67077729683  7208  0.711266 0.119585 -0.692676 0.0749597 0.966899 0.243899 -102.558 139.833 -0.158792 14.993 48.6033 -11.4746 0.68798
13072066295563  67077746993  7210  0.712844 0.122574 -0.690528 0.0799351 0.963992 0.253634 -102.227 140.304 -0.222191 17.066 38.4758 -7.84262 0.616082
13072066295580  67077755690  7211  0.71213 0.129181 -0.69006 0.0840951 0.960152 0.266527 -102.087 140.648 -0.282938 16.8232 38.7589 -7.61384 0.620188
13072066295590  67077773010  7213  0.711704 0.139336 -0.688522 0.0885011 0.954537 0.284651 -101.957 141.131 -0.398089 12.3766 33.6267 -7.0251 0.637668
13072066295602  67077781707  7214  0.711572 0.142996 -0.687908 0.0905264 0.952251 0.291586 -101.945 141.262 -0.410539 9.43153 28.6935 -5.53329 0.639986
13072066295604  67077790399  7215  0.710651 0.145868 -0.688257 0.0923718 0.950457 0.296816 -101.947 141.329 -0.383177 6.87002 23.084 -3.21915 0.643758
13072066295617  67077799050  7216  0.709917 0.148742 -0.688399 0.0937644 0.948782 0.301698 -101.947 141.401 -0.365836 5.04247 19.1828 -1.83229 0.653747
13072066295619  67077807686  7217  0.709293 0.151229 -0.688501 0.0949697 0.947311 0.305914 -101.947 141.464 -0.350851 3.70259 16.0227 -0.886546 0.660466
13072066295632  67077816373  7218  0.708862 0.153171 -0.688515 0.0961124 0.946056 0.309418 -101.942 141.525 -0.344448 2.86419 13.6224 -0.45394 0.584969
13072066295635  67077825050  7219  0.706682 0.159458 -0.689329 0.0985789 0.94258 0.319101 -102.009 141.815 -0.406807 0.048512 18.8873 -2.24605 0.586033
13072066295650  67077833745  7220  0.705473 0.16436 -0.689416 0.100786 0.939588 0.327135 -102.042 142.076 -0.484521 -0.984451 21.8797 -4.03038 0.536132
13072066295653  67077842395  7221  0.704941 0.168039 -0.689073 0.103761 0.936644 0.334562 -101.873 142.511 -0.673444 4.47934 29.4183 -8.75851 0.478656
13072066295665  67077851078  7222  0.70456 0.170818 -0.688779 0.106008 0.934372 0.340163 -101.744 142.84 -0.816293 7.21783 31.6695 -10.8074 0.478942
13072066295678  67077859795  7223  0.709957 0.177544 -0.681498 0.107842 0.928878 0.354337 -101.147 143.95 -1.62717 23.6022 57.2413 -32.7772 0.484397
13072066295681  67077868421  7224  0.713959 0.184585 -0.675419 0.110618 0.922777 0.369115 -100.641 144.93 -2.31441 32.8873 72.1487 -45.1964 0.484718
13072066295695  67077877120  7225  0.715816 0.188078 -0.672484 0.113859 0.91872 0.37814 -100.364 145.565 -2.72666 32.6168 72.373 -45.7817 0.488767
13072066295697  67077885765  7226  0.714189 0.197964 -0.671375 0.117192 0.911813 0.393526 -100.141 146.368 -3.14373 30.8052 77.8357 -46.4351 0.479894
13072066295709  67077894424  7227  0.712256 0.20913 -0.670042 0.112561 0.9082 0.403116 -100.413 146.893 -3.21967 14.2672 73.2498 -36.4272 0.294854
13072066295713  67077903089  7228  0.712006 0.212977 -0.669096 0.112236 0.906121 0.407858 -100.574 147.122 -3.42463 5.53495 60.7971 -33.0314 0.31438
13072066295724  67077911765  7229  0.711185 0.212757 -0.670037 0.119164 0.902829 0.413157 -100.563 147.288 -3.75378 4.40333 49.707 -34.3372 0.341054
13072066295731  67077920468  7230  0.709915 0.216755 -0.670103 0.128341 0.895717 0.425699 -100.697 147.845 -4.3394 -0.89092 53.5469 -43.1308 0.350317
13072066295742  67077929115  7231  0.708605 0.221169 -0.670048 0.138308 0.887649 0.43926 -100.876 148.406 -4.86467 -6.12636 56.5508 -47.8057 0.363886
13072066295748  67077937810  7232  0.707445 0.223469 -0.670509 0.149871 0.879691 0.451313 -101.069 148.807 -5.2266 -10.4172 53.7509 -46.1576 0.373909
13072066295759  67077946462  7233  0.707243 0.226037 -0.669862 0.158549 0.872663 0.461867 -101.254 149.175 -5.35618 -13.3297 50.7725 -37.8784 0.344512
13072066295771  67077955130  7234  0.706874 0.226859 -0.669974 0.167576 0.8665 0.470209 -101.425 149.412 -5.48827 -15.0516 44.5489 -31.8577 0.352803
13072066295773  67077963779  7235  0.70564 0.227327 -0.671114 0.179836 0.858668 0.479946 -101.75 149.51 -5.45752 -21.0312 35.7305 -22.4576 0.355434
13072066295788  67077972515  7236  0.705943 0.227306 -0.670802 0.188989 0.85231 0.4877 -102.054 149.531 -5.54481 -24.6979 26.7967 -19.1202 0.356873
13072066295791  67077981147  7237  0.704847 0.226983 -0.672064 0.20004 0.845369 0.495313 -102.47 149.512 -6.07255 -30.9396 19.1283 -30.2548 0.340281
13072066295802  67077989833  7238  0.700464 0.227561 -0.676437 0.213956 0.837254 0.503218 -102.528 149.362 -6.50278 -24.4601 9.43729 -35.3902 0.345623
13072066295809  67077998512  7239  0.651809 0.238478 -0.719912 0.355228 0.742691 0.567647 -102.676 152.315 -5.10133 -22.4914 97.484 17.0212 0.35745
13072066295817  67078007178  7240  0.623554 0.256323 -0.738566 0.45431 0.650024 0.609157 -104.088 154.153 -3.56099 -59.8292 127.978 59.756 0.36418
13072066295843  67078033156  7241  0.554978 0.330667 -0.763321 0.549203 0.543552 0.634766 -105.616 151.788 -0.650497 -59.2282 -4.33775 91.3383 0.283854
13072066295852  67078041840  7242  0.541385 0.345955 -0.766301 0.567399 0.522254 0.636639 -106.151 151.014 0.0635212 -59.8657 -26.9034 88.9101 0.28575
13072066295866  67078050513  7243  0.531588 0.370215 -0.761811 0.581594 0.494325 0.646059 -105.604 149.997 0.434688 -27.1566 -50.9448 76.6404 0.229085
13072066295870  67078059229  7244  0.515735 0.42115 -0.74609 0.601704 0.441874 0.665357 -104.523 146.144 1.8733 13.257 -155.449 100.264 0.200747
13072066295882  67078067903  7245  0.632215 0.323642 -0.70396 0.643791 0.286091 0.709707 -111.286 143.213 6.49004 -197.76 -204.002 215.215 0.215434
13072066295887  67078076553  7246  0.675037 0.230733 -0.700776 0.663359 0.225925 0.713381 -113.999 142.641 10.0513 -228.508 -167.409 267.378 0.236893
13072066295898  67078085267  7247  0.680448 0.220764 -0.698751 0.658158 0.235156 0.715214 -113.652 142.762 9.81078 -156.832 -118.992 188.575 0.049922
13072066295906  67078093913  7248  0.680205 0.228913 -0.696362 0.650932 0.248195 0.717417 -107.949 148.99 5.92 59.8187 103.757 19.1174 0.050127
13072066295913  67078102549  7249  0.657372 0.346602 -0.669126 0.665024 0.150777 0.731443 -105.426 160.168 4.56501 121.406 419.39 -27.5452 0.0675321
13072066295928  67078111354  7250  0.585756 0.488429 -0.646782 0.698716 0.100078 0.708365 -106.088 163.872 5.44378 68.4172 419.725 6.77766 0.107523
13072066295930  67078119893  7251  0.550761 0.545895 -0.631396 0.727636 0.0565782 0.683626 -106.437 165.465 5.9419 39.7299 358.495 20.3144 0.142294
13072066295945  67078128663  7252  0.535093 0.578794 -0.615364 0.750173 0.00941757 0.661175 -108.034 165.93 7.47343 -19.8622 276.441 61.7652 0.174108
13072066295947  67078137290  7253  0.54508 0.578475 -0.60684 0.762025 -0.0400335 0.646309 -109.083 165.752 9.0581 -46.788 197.752 94.0585 0.193486
13072066295961  67078145919  7254  0.559117 0.569286 -0.602745 0.771145 -0.0900721 0.630256 -109.846 165.847 10.0872 -57.8322 148.295 100.736 0.215082
13072066295965  67078154604  7255  0.561497 0.57054 -0.599338 0.783731 -0.134292 0.606409 -110.534 166.008 11.0224 -63.5091 113.715 102.585 0.245696
13072066295976  67078163255  7256  0.563567 0.570136 -0.597777 0.793975 -0.174098 0.58249 -111.073 165.86 11.8209 -63.2124 78.996 99.8557 0.270009
13072066295990  67078171966  7257  0.565222 0.573715 -0.592769 0.802068 -0.214166 0.557512 -111.637 165.985 12.4045 -63.6137 61.7264 91.079 0.290219
13072066295992  67078180603  7258  0.58962 0.541866 -0.59894 0.800647 -0.294473 0.521777 -113.431 166.905 13.75 -101.807 73.6092 108.232 0.301305
13072066296007  67078189290  7259  0.597226 0.532138 -0.600125 0.801443 -0.366259 0.472805 -114.44 167.074 14.983 -105.653 59.1704 117.214 0.312855
13072066296009  67078197968  7260  0.601779 0.524221 -0.602539 0.798518 -0.409242 0.441462 -114.751 166.945 15.4529 -87.0456 39.4665 100.426 0.344243
13072066296024  67078206645  7261  0.602651 0.521853 -0.603723 0.797579 -0.41861 0.43432 -114.761 166.967 15.4462 -64.1767 29.6258 73.4884 0.391285
13072066296027  67078215296  7262  0.603647 0.518651 -0.605484 0.795735 -0.43878 0.417467 -114.791 167.059 15.4679 -48.0773 24.5934 54.6432 0.430901
13072066296038  67078223979  7263  0.603391 0.518221 -0.606108 0.793623 -0.464563 0.392865 -114.791 166.947 15.5208 -35.2601 14.6222 41.7126 0.469462
13072066296043  67078232677  7264  0.599894 0.522111 -0.606241 0.789476 -0.509243 0.342637 -114.739 166.598 15.4727 -24.2602 0.0219298 29.1138 0.488268
13072066296053  67078241301  7265  0.601647 0.52207 -0.604536 0.780773 -0.544097 0.307166 -114.886 166.716 15.4716 -22.3705 3.62431 21.3686 0.51415
13072066296069  67078250030  7266  0.606664 0.522492 -0.599133 0.75798 -0.607375 0.237828 -115.338 167.016 15.3892 -30.2245 11.8412 13.1267 0.544955
13072066296071  67078258670  7267  0.611056 0.524729 -0.59268 0.730515 -0.662188 0.166898 -115.943 167.082 15.2695 -40.7671 10.729 5.9731 0.580628
13072066296084  67078267372  7268  0.614514 0.525283 -0.5886 0.702532 -0.70381 0.105362 -116.377 167.256 15.2176 -43.2192 13.2198 2.7875 0.616232
13072066296087  67078276026  7269  0.613665 0.531732 -0.583675 0.675371 -0.736437 0.0391723 -116.563 167.011 15.0129 -37.4276 2.16798 -4.23464 0.62141
13072066296101  67078284666  7270  0.611978 0.542769 -0.575226 0.632934 -0.77223 -0.0552836 -116.868 166.454 14.7832 -36.8857 -15.5039 -10.1618 0.628459
13072066296104  67078293349  7271  0.614926 0.548075 -0.566992 0.59339 -0.795141 -0.125056 -117.258 166.277 14.691 -39.0306 -16.8077 -10.2844 0.654819
13072066296119  67078302002  7272  0.619759 0.553066 -0.556792 0.549491 -0.812356 -0.195288 -117.865 166.21 14.6232 -47.2719 -14.3909 -9.63597 0.681377
13072066296121  67078310675  7273  0.63217 0.554203 -0.541498 0.489313 -0.82742 -0.275586 -118.899 166.291 14.4523 -66.427 -8.06754 -12.3139 0.702153
13072066296133  67078319375  7274  0.637405 0.556715 -0.532713 0.448147 -0.830249 -0.331437 -119.304 166.004 14.4335 -61.1103 -14.7295 -9.60658 0.721467
13072066296149  67078328045  7275  0.64535 0.555076 -0.524799 0.412095 -0.831446 -0.372659 -119.816 166.009 14.4402 -60.569 -10.6523 -6.84483 0.743486
13072066296152  67078336696  7276  0.649719 0.555211 -0.519236 0.381868 -0.828991 -0.408597 -120.135 165.724 14.5734 -54.2791 -16.5771 -0.939672 0.764723
13072066296163  67078345379  7277  0.655062 0.55733 -0.510173 0.344114 -0.821181 -0.455244 -120.574 165.145 14.6518 -53.3057 -29.9002 1.71564 0.77031
13072066296165  67078354048  7278  0.660428 0.555019 -0.505755 0.319181 -0.817163 -0.479966 -120.905 165.014 14.7852 -49.274 -25.9684 5.35282 0.788938
13072066296177  67078362710  7279  0.665264 0.55289 -0.501733 0.29857 -0.812954 -0.499961 -121.146 164.842 14.9004 -43.5654 -24.3415 7.46493 0.80504
13072066296182  67078371377  7280  0.669211 0.551341 -0.498176 0.274039 -0.80629 -0.524214 -121.191 164.517 15.0734 -33.3531 -27.8408 10.7887 0.815513
13072066296195  67078380054  7281  0.672904 0.549323 -0.495424 0.253011 -0.800256 -0.543668 -121.26 164.237 15.3499 -26.5969 -29.0451 16.3986 0.830799
13072066296201  67078388779  7282  0.676243 0.54737 -0.493034 0.236012 -0.794966 -0.558863 -121.287 164.027 15.6061 -20.3085 -27.7015 19.8648 0.845202
13072066296208  67078397403  7283  0.67945 0.545939 -0.490202 0.223085 -0.790186 -0.570823 -121.269 163.816 15.7561 -14.4024 -26.8369 19.2116 0.85864
13072066296226  67078406105  7284  0.683095 0.543434 -0.487915 0.210004 -0.786016 -0.581444 -121.228 163.658 15.9858 -9.28562 -24.5266 21.1287 0.870619
13072066296228  67078414789  7285  0.68696 0.540464 -0.485781 0.198184 -0.782477 -0.5903 -121.214 163.535 16.2376 -6.39659 -21.7838 23.2245 0.880712
13072066296234  67078423424  7286  0.691027 0.537083 -0.48376 0.183531 -0.777696 -0.601253 -121.065 163.256 16.5943 -0.12783 -24.5675 28.0154 0.889103
13072066296243  67078432087  7287  0.694354 0.532938 -0.48358 0.172341 -0.775573 -0.607277 -120.831 163.066 17.0518 7.09322 -23.8467 34.6088 0.89861
13072066296257  67078440764  7288  0.697534 0.529295 -0.483005 0.166512 -0.775348 -0.609187 -120.734 162.964 17.3874 8.18995 -20.6252 35.6908 0.906702
13072066296261  67078449453  7289  0.700502 0.52862 -0.479435 0.161866 -0.771987 -0.614683 -120.672 162.55 17.5801 7.8929 -27.8496 32.0878 0.909261
13072066296276  67078458115  7290  0.702564 0.526628 -0.47861 0.160768 -0.772635 -0.614157 -120.662 162.475 17.8295 6.11973 -22.7535 31.2137 0.917032
13072066296278  67078466787  7291  0.704402 0.524151 -0.478627 0.160246 -0.774335 -0.612149 -120.625 162.498 18.2015 5.62588 -15.991 34.3208 0.92369
13072066296290  67078475461  7292  0.706424 0.521441 -0.478607 0.159485 -0.776079 -0.610136 -120.587 162.521 18.5532 5.30196 -11.0111 35.9777 0.93017
13072066296296  67078484138  7293  0.708784 0.517544 -0.479347 0.1586 -0.779031 -0.606595 -120.54 162.61 18.9198 5.31529 -5.3587 37.6485 0.936244
13072066296303  67078492788  7294  0.710026 0.515617 -0.479585 0.159129 -0.780929 -0.60401 -120.492 162.585 19.2251 5.39796 -4.71769 37.0226 0.941638
13072066296319  67078501456  7295  0.710706 0.514537 -0.479739 0.160426 -0.782514 -0.601611 -120.427 162.517 19.5017 5.93518 -5.53228 35.6627 0.946701
13072066296322  67078510166  7296  0.710755 0.513633 -0.480633 0.162474 -0.784655 -0.598264 -120.322 162.455 19.8115 7.57596 -5.95583 35.6382 0.951374
13072066296336  67078518801  7297  0.710777 0.512973 -0.481305 0.164995 -0.786732 -0.594836 -120.239 162.412 20.0533 8.1143 -5.68732 33.6138 0.955603
13072066296338  67078527464  7298  0.71081 0.512457 -0.481805 0.16711 -0.788405 -0.592024 -120.181 162.385 20.2341 7.72946 -5.01705 30.2257 0.959357
13072066296351  67078536151  7299  0.710952 0.512067 -0.482012 0.169316 -0.789892 -0.589409 -120.158 162.373 20.3733 6.39495 -4.05269 26.4438 0.962643
13072066296355  67078544819  7300  0.710724 0.513631 -0.480682 0.170668 -0.788782 -0.590505 -120.057 162.098 20.46 7.77013 -11.4113 22.0711 0.904741
13072066296369  67078553484  7301  0.710783 0.513395 -0.480846 0.172708 -0.790041 -0.588224 -120.068 162.089 20.5777 5.36713 -8.65807 19.8134 0.912733
13072066296373  67078562177  7302  0.711236 0.512713 -0.480904 0.174399 -0.791432 -0.585851 -120.11 162.126 20.6548 2.65144 -5.21769 16.8961 0.919962
13072066296388  67078570839  7303  0.711572 0.512213 -0.48094 0.177153 -0.79318 -0.582651 -120.169 162.173 20.7249 0.157007 -2.37626 14.557 0.926934
13072066296399  67078579484  7304  0.711697 0.51197 -0.481013 0.179908 -0.794729 -0.579689 -120.216 162.211 20.7599 -1.34238 -0.581806 11.7692 0.933295
13072066296402  67078588181  7305  0.712375 0.510818 -0.481234 0.184202 -0.797769 -0.574138 -120.334 162.347 20.7847 -4.59545 3.75425 9.38867 0.939136
13072066296415  67078596832  7306  0.713336 0.509456 -0.481255 0.1903 -0.801706 -0.566615 -120.515 162.515 20.7741 -8.92115 7.89576 6.57298 0.944438
13072066296417  67078605556  7307  0.714806 0.508228 -0.480372 0.198251 -0.805997 -0.557732 -120.773 162.638 20.679 -14.4432 9.56275 1.89922 0.949257
13072066296428  67078614220  7308  0.714711 0.509101 -0.479587 0.201896 -0.806675 -0.55544 -120.806 162.545 20.6102 -11.6179 4.16135 -0.716777 0.861013
13072066296434  67078622868  7309  0.714479 0.509266 -0.479757 0.206805 -0.808784 -0.550546 -120.865 162.567 20.5956 -10.3664 3.72468 -0.97594 0.873005
13072066296445  67078631538  7310  0.71389 0.509745 -0.480126 0.214669 -0.811938 -0.542839 -120.942 162.605 20.5647 -9.96692 3.91147 -1.66435 0.884092
13072066296462  67078640225  7311  0.713006 0.510683 -0.480444 0.221089 -0.814007 -0.537133 -120.978 162.597 20.5508 -8.4182 2.61198 -1.64659 0.89423
13072066296464  67078648858  7312  0.711852 0.512044 -0.480706 0.23081 -0.816985 -0.528452 -121.055 162.598 20.498 -8.53368 1.94944 -2.82984 0.902765
13072066296477  67078657555  7313  0.710346 0.51394 -0.480911 0.239871 -0.819117 -0.521065 -121.085 162.515 20.4427 -7.18928 -1.09977 -3.77016 0.731429
13072066296480  67078666257  7314  0.708205 0.514337 -0.483636 0.25883 -0.826483 -0.499934 -121.24 162.74 20.4154 -10.0074 6.09125 -3.60331 0.754175
13072066296500  67078674960  7315  0.705812 0.515444 -0.485949 0.276576 -0.832046 -0.480838 -121.334 162.87 20.3965 -10.2222 8.43652 -3.22005 0.774225
13072066296513  67078683579  7316  0.701665 0.515335 -0.492033 0.305453 -0.841452 -0.44571 -121.506 163.283 20.4793 -12.8023 18.8894 0.17513 0.793386
13072066296525  67078700942  7318  0.696294 0.518317 -0.49651 0.340887 -0.847562 -0.406736 -121.537 163.483 20.3473 -7.55373 15.2961 -3.79938 0.81703
13072066296527  67078709637  7319  0.692872 0.519899 -0.499634 0.361052 -0.84994 -0.383722 -121.545 163.655 20.2625 -5.78583 16.4974 -5.38677 0.817279
13072066296539  67078718239  7320  0.68707 0.522825 -0.504568 0.391992 -0.851423 -0.348454 -121.566 163.925 20.1954 -4.90393 20.4306 -6.02366 0.82893
13072066296541  67078726910  7321  0.675057 0.536369 -0.506563 0.43548 -0.843934 -0.313261 -121.297 163.563 20.0787 4.65148 3.89579 -8.00032 0.644287
13072066296556  67078735609  7322  0.663323 0.548267 -0.509318 0.475164 -0.834378 -0.279344 -121.136 163.306 19.9561 8.34476 -5.04706 -9.62773 0.656272
13072066296559  67078744262  7323  0.656074 0.552386 -0.514234 0.495484 -0.82923 -0.258599 -121.032 163.454 19.938 9.3266 0.83513 -7.62468 0.664675
13072066296572  67078752942  7324  0.649891 0.558055 -0.515961 0.515405 -0.822524 -0.240439 -121.031 163.408 19.8646 6.85623 -0.782482 -7.84858 0.679245
13072066296574  67078761613  7325  0.644154 0.562875 -0.517917 0.532488 -0.816083 -0.224647 -121.042 163.379 19.8101 4.72069 -1.4531 -7.43052 0.604711
13072066296586  67078770286  7326  0.63339 0.569987 -0.523385 0.559711 -0.804495 -0.198777 -120.973 163.484 19.8432 5.57016 2.14991 -4.43873 0.631057
13072066296590  67078778940  7327  0.609277 0.579581 -0.541172 0.615534 -0.775933 -0.138005 -120.91 164.022 20.0984 6.01986 18.067 4.57002 0.655524
13072066296605  67078787609  7328  0.616926 0.550947 -0.562014 0.682361 -0.730264 0.0331483 -120.111 165.145 19.9664 28.9492 47.7303 -0.693703 0.673145
13072066296619  67078797853  7329  0.618304 0.540308 -0.570761 0.724591 -0.673167 0.147698 -119.637 165.358 20.0364 34.2264 39.4837 1.60942 0.696108
13072066296621  67078804991  7330  0.616122 0.538227 -0.57507 0.743547 -0.638324 0.199197 -119.521 165.533 20.1341 30.2008 36.1189 4.32513 0.711703
13072066296637  67078813661  7331  0.611441 0.537904 -0.580344 0.764304 -0.591374 0.257131 -119.308 165.748 20.0764 28.6887 33.1104 1.40525 0.715359
13072066296639  67078822366  7332  0.606773 0.535998 -0.586968 0.780228 -0.542722 0.31096 -119.386 166.063 20.0329 18.6582 33.9296 -0.304355 0.715898
13072066296642  67078830984  7333  0.599622 0.533992 -0.596075 0.795846 -0.476211 0.37397 -119.835 166.478 19.9036 -0.0769953 37.6907 -4.19514 0.726436
13072066296651  67078839658  7334  0.591271 0.524029 -0.613019 0.806432 -0.391813 0.442889 -120.966 166.602 20.3325 -34.7495 31.4591 10.0782 0.511162
13072066296666  67078848317  7335  0.583589 0.519168 -0.624411 0.810729 -0.328668 0.484454 -121.415 166.928 20.1048 -39.2823 33.1214 0.415059 0.531269
13072066296668  67078856998  7336  0.574103 0.519877 -0.632561 0.812463 -0.2659 0.518846 -121.627 167.206 19.5135 -35.3288 32.8281 -17.8346 0.538249
13072066296679  67078865672  7337  0.566606 0.51762 -0.641114 0.809687 -0.205421 0.549736 -121.812 167.511 18.8939 -31.6017 33.4456 -32.0948 0.546002
13072066296685  67078874367  7338  0.561109 0.517452 -0.646065 0.80215 -0.14734 0.578659 -122.264 167.256 18.2851 -37.0487 16.7078 -42.2073 0.393539
13072066296698  67078883008  7339  0.557738 0.516466 -0.649762 0.788337 -0.0846649 0.609391 -122.815 167.706 17.4091 -44.1263 26.0855 -57.903 0.407455
13072066296713  67078891709  7340  0.549918 0.516272 -0.656546 0.768036 -0.00369444 0.640396 -123.669 169.246 16.0128 -58.5472 66.3407 -85.2693 0.321458
13072066296714  67078900364  7341  0.541416 0.511777 -0.667048 0.749779 0.0650617 0.658482 -123.714 170.188 14.6863 -44.3677 77.639 -103.328 0.326879
13072066296726  67078909051  7342  0.547619 0.502414 -0.669099 0.731134 0.101539 0.674635 -123.722 169.771 14.1228 -32.7991 44.1497 -93.0809 0.339034
13072066296729  67078917701  7343  0.544002 0.492334 -0.679463 0.710091 0.161283 0.685389 -125.365 168.98 14.4408 -74.5299 8.15032 -58.6113 0.340979
13072066296743  67078926399  7344  0.51521 0.518677 -0.6823 0.651539 0.280187 0.704977 -125.765 164.699 13.9164 -66.8948 -125.282 -59.0571 0.3425
13072066296745  67078935028  7345  0.503512 0.515602 -0.693274 0.601725 0.366545 0.709628 -125.904 163.224 13.3095 -53.4515 -137.376 -62.0458 0.358605
13072066296758  67078943756  7346  0.498917 0.510643 -0.700232 0.57805 0.405917 0.707877 -126.082 163.18 12.9823 -44.6178 -101.972 -55.4756 0.380655
13072066296764  67078952385  7347  0.523863 0.45203 -0.721967 0.534034 0.486024 0.691801 -126.692 165.384 11.161 -51.5071 -7.30956 -96.6965 0.396
13072066296772  67078961082  7348  0.531612 0.431148 -0.729041 0.505771 0.528843 0.681558 -127.774 165.959 10.8075 -70.955 12.2867 -81.7458 0.410942
13072066296792  67078969750  7349  0.534492 0.417853 -0.734654 0.489228 0.555843 0.672083 -128.302 166.296 10.674 -68.2949 19.3439 -64.1025 0.426874
13072066296795  67078978441  7350  0.546506 0.396591 -0.737595 0.468373 0.585383 0.661781 -128.995 166.701 10.3241 -71.3344 26.6075 -57.7474 0.44618
13072066296807  67078987109  7351  0.560708 0.368576 -0.741457 0.447409 0.618622 0.645858 -129.483 167.258 9.80795 -67.3439 36.6235 -58.2267 0.472219
13072066296809  67078995785  7352  0.56587 0.366646 -0.738486 0.415378 0.646936 0.63948 -130.651 166.519 10.0536 -85.2562 4.212 -35.1926 0.376873
13072066296820  67079004457  7353  0.573325 0.354176 -0.738822 0.383502 0.680858 0.623986 -131.76 166.864 9.78793 -96.5786 13.6699 -33.9814 0.411288
13072066296824  67079013113  7354  0.579787 0.332886 -0.743663 0.353992 0.719165 0.597905 -132.824 167.702 9.34118 -103.587 35.773 -38.6644 0.447301
13072066296835  67079021784  7355  0.581798 0.315652 -0.749584 0.331849 0.74929 0.573097 -133.444 168.13 8.93209 -95.0457 39.3729 -40.9296 0.480142
13072066296841  67079030485  7356  0.582601 0.305318 -0.753231 0.317917 0.76731 0.556924 -133.698 168.133 8.64866 -77.4754 28.9544 -38.7005 0.511537
13072066296851  67079039137  7357  0.583106 0.294888 -0.756986 0.300082 0.787715 0.538012 -134.016 167.985 8.22985 -66.6587 16.7346 -41.2775 0.543115
13072066296866  67079047790  7358  0.579723 0.293269 -0.760207 0.271289 0.810281 0.519468 -134.522 166.909 7.80656 -64.4963 -20.7227 -43.3065 0.5533
13072066296868  67079056451  7359  0.57982 0.278903 -0.765521 0.252856 0.83159 0.494492 -134.7 166.715 7.25169 -52.8225 -21.1818 -48.8231 0.586356
13072066296882  67079065126  7360  0.575211 0.279514 -0.768768 0.224989 0.849501 0.477209 -134.89 165.759 6.67811 -44.5947 -44.8567 -53.4261 0.612444
13072066296884  67079073829  7361  0.570045 0.288006 -0.769481 0.190803 0.86454 0.464936 -134.839 164.209 5.7744 -31.11 -80.4152 -66.8792 0.63823
13072066296898  67079082523  7362  0.565159 0.296075 -0.770023 0.160248 0.876205 0.454517 -134.732 163.178 4.94773 -19.5582 -90.5946 -74.3995 0.666033
13072066296901  67079091165  7363  0.56037 0.303434 -0.770658 0.135483 0.884358 0.446716 -134.922 161.978 4.70638 -20.2032 -103.394 -62.0722 0.668999
13072066296915  67079099828  7364  0.556218 0.310631 -0.770798 0.115366 0.889672 0.441786 -135.403 160.918 4.74656 -29.5671 -108.432 -44.34 0.646789
13072066296919  67079108496  7365  0.554335 0.315377 -0.770227 0.100778 0.893184 0.438253 -135.96 160.185 4.89186 -38.7975 -102.087 -28.0901 0.647295
13072066296945  67079134491  7366  0.55145 0.32286 -0.769197 0.0784981 0.897895 0.433155 -136.707 159.172 5.02754 -32.726 -63.9622 -7.96014 0.605662
13072066296960  67079143194  7367  0.550317 0.326501 -0.768471 0.0727554 0.898121 0.433687 -136.862 158.884 5.06847 -28.7458 -55.7035 -4.58098 0.581443
13072066296963  67079151817  7368  0.548616 0.331651 -0.767482 0.065164 0.898204 0.434721 -137.035 158.523 5.13674 -26.4481 -52.0478 -1.27191 0.581591
13072066296974  67079160528  7369  0.546589 0.338692 -0.765851 0.0574535 0.897235 0.4378 -137.031 158.202 5.06137 -19.2451 -47.9808 -3.24311 0.591401
13072066296979  67079169217  7370  0.545184 0.343993 -0.764489 0.0521854 0.896239 0.440491 -136.994 158.058 4.96061 -13.0098 -39.6327 -5.46911 0.601441
13072066296991  67079177886  7371  0.544032 0.345941 -0.764431 0.0481505 0.896678 0.440057 -136.913 158.152 4.86357 -7.05891 -26.1952 -6.99154 0.621098
13072066296997  67079186545  7372  0.54424 0.348042 -0.763328 0.0402861 0.897991 0.438165 -136.793 158.61 4.43908 -1.47726 -5.19103 -18.1597 0.63903
13072066297006  67079195244  7373  0.543974 0.349753 -0.762735 0.0344419 0.898917 0.436763 -136.761 158.825 4.27998 -0.102955 2.79404 -18.1941 0.609973
13072066297021  67079203926  7374  0.543357 0.351055 -0.762577 0.0321255 0.899009 0.436751 -136.775 158.85 4.27954 -0.528337 2.80876 -13.3624 0.581224
13072066297023  67079212575  7375  0.543429 0.351785 -0.762189 0.0238235 0.901128 0.432897 -136.696 159.577 3.91657 2.05208 24.3842 -20.9553 0.608326
13072066297039  67079221223  7376  0.543611 0.351461 -0.762208 0.0163326 0.903506 0.428263 -136.617 160.295 3.60672 3.9391 39.9403 -24.9031 0.630572
13072066297041  67079229899  7377  0.543506 0.350611 -0.762675 0.0098292 0.905869 0.423444 -136.564 160.806 3.41206 4.50905 44.9936 -24.2467 0.652773
13072066297054  67079238614  7378  0.541527 0.354476 -0.762296 0.00545421 0.905257 0.424829 -136.741 160.627 3.62902 -2.11795 27.4782 -11.1175 0.55397
13072066297058  67079247249  7379  0.541131 0.35443 -0.762599 0.00214827 0.906257 0.422722 -136.777 160.9 3.57451 -2.65879 28.5887 -9.84389 0.582996
13072066297071  67079255942  7380  0.540668 0.354286 -0.762994 -0.00213716 0.907567 0.419902 -136.803 161.211 3.48313 -2.76485 30.504 -10.0219 0.607263
13072066297074  67079264593  7381  0.540239 0.354177 -0.763348 -0.00557805 0.908603 0.417624 -136.801 161.49 3.41073 -1.96042 30.9535 -9.58304 0.629803
13072066297087  67079273292  7382  0.539647 0.354212 -0.76375 -0.00871039 0.909485 0.415646 -136.79 161.711 3.33808 -1.09671 29.4886 -9.25441 0.650739
13072066297102  67079281941  7383  0.539037 0.354401 -0.764093 -0.0113012 0.910132 0.414164 -136.775 161.921 3.28179 -0.359475 28.0915 -8.52552 0.670054
13072066297104  67079290628  7384  0.538488 0.354811 -0.76429 -0.0138752 0.910637 0.412975 -136.758 162.054 3.22467 0.275037 24.7031 -8.00603 0.689359
13072066297117  67079299280  7385  0.53754 0.355767 -0.764513 -0.0164762 0.910898 0.412302 -136.728 162.162 3.17594 1.10905 21.46 -7.37558 0.707466
13072066297119  67079307956  7386  0.537025 0.356224 -0.764663 -0.0182523 0.911159 0.411651 -136.715 162.208 3.15219 1.21223 17.1599 -6.14104 0.718607
13072066297132  67079316732  7387  0.536004 0.358004 -0.764548 -0.0201827 0.910806 0.41234 -136.69 162.164 3.15196 1.65158 11.1999 -4.49779 0.729423
13072066297135  67079325316  7388  0.533351 0.362507 -0.764281 -0.0234991 0.909519 0.414997 -136.637 162.028 3.17665 2.85279 4.05473 -2.553 0.740403
13072066297146  67079333979  7389  0.530881 0.367079 -0.763818 -0.0263809 0.908039 0.418054 -136.591 161.904 3.19524 3.50365 -0.819455 -1.30398 0.751384
13072066297152  67079342661  7390  0.528812 0.37101 -0.763354 -0.0288197 0.906728 0.42073 -136.555 161.795 3.20723 3.66188 -3.9419 -0.588864 0.765262
13072066297164  67079351292  7391  0.522583 0.382784 -0.761829 -0.0334461 0.902065 0.430303 -136.509 161.311 3.36762 4.11219 -17.7571 4.49126 0.714609
13072066297169  67079359987  7392  0.517845 0.392245 -0.76025 -0.0351496 0.897694 0.439215 -136.453 161.007 3.49399 4.73876 -22.3474 7.169 0.725443
13072066297179  67079368624  7393  0.513335 0.402327 -0.758037 -0.0339612 0.892131 0.450499 -136.498 160.708 3.7121 2.09929 -25.6066 11.9634 0.680272
13072066297194  67079377344  7394  0.508538 0.418194 -0.752664 -0.0274437 0.881562 0.47127 -136.627 160.122 4.09147 -2.43086 -36.7277 20.3948 0.556432
13072066297196  67079386000  7395  0.5066 0.423653 -0.750915 -0.0244424 0.877656 0.478668 -136.629 160.076 4.17748 -1.84398 -28.3898 17.6167 0.587936
13072066297211  67079394670  7396  0.505602 0.427553 -0.749376 -0.0216282 0.874581 0.484396 -136.613 160.157 4.16374 -0.837611 -18.3493 12.5093 0.614484
13072066297214  67079403342  7397  0.504742 0.43244 -0.747148 -0.0152406 0.869815 0.493142 -136.563 160.448 4.11709 0.905739 -4.52788 7.7502 0.633703
13072066297225  67079412021  7398  0.504223 0.440225 -0.742941 -0.0108211 0.863463 0.504295 -136.64 160.714 3.93269 -1.70235 4.83377 0.0302163 0.652211
13072066297232  67079420699  7399  0.503589 0.445327 -0.740326 -0.00373515 0.858029 0.513588 -136.54 161.149 3.90892 1.80861 16.891 -0.707056 0.665549
13072066297241  67079429378  7400  0.504264 0.449464 -0.73736 0.00574036 0.852108 0.523335 -136.51 161.791 3.91779 2.25071 32.0772 -0.246501 0.672427
13072066297248  67079438007  7401  0.503522 0.454173 -0.734978 0.0162076 0.845571 0.533617 -136.479 162.127 4.03036 2.62748 33.8949 3.27487 0.677693
13072066297265  67079446722  7402  0.503397 0.45677 -0.733453 0.0265905 0.840258 0.541534 -136.485 162.395 4.13782 1.72939 33.0516 5.69411 0.682969
13072066297279  67079455373  7403  0.505669 0.457716 -0.731297 0.0350913 0.836043 0.547541 -136.38 162.499 4.20583 4.47976 27.474 6.26967 0.686021
13072066297290  67079464065  7404  0.507668 0.458745 -0.729264 0.0459954 0.830815 0.554645 -136.256 162.642 4.27062 7.09816 24.5501 6.58519 0.684638
13072066297293  67079481394  7406  0.516448 0.459592 -0.722535 0.0838238 0.812584 0.576785 -135.784 163.306 4.63612 16.4511 30.7797 13.1371 0.657886
13072066297308  67079490088  7407  0.522571 0.460868 -0.7173 0.112121 0.79686 0.593669 -135.331 163.941 5.09492 25.9462 42.0248 23.7047 0.647495
13072066297319  67079498758  7408  0.540439 0.45159 -0.709924 0.155899 0.775402 0.611921 -136.389 165.916 5.81614 -13.3998 91.4364 39.5261 0.473811
13072066297322  67079507409  7409  0.5504 0.445393 -0.706176 0.182671 0.761085 0.6224 -136.894 166.823 6.37978 -25.3539 95.0002 46.3302 0.488441
13072066297335  67079516076  7410  0.551648 0.442309 -0.70714 0.202516 0.751412 0.627986 -137.022 167.169 6.66072 -22.5382 80.3628 42.6298 0.494841
13072066297337  67079524765  7411  0.552505 0.437881 -0.709223 0.234595 0.734797 0.636427 -136.792 167.686 7.1841 -9.49096 74.8009 47.3213 0.50435
13072066297353  67079533421  7412  0.550588 0.439785 -0.709536 0.257954 0.718739 0.645658 -136.763 167.853 7.51327 -6.05313 60.0566 44.8528 0.517458
13072066297354  67079542095  7413  0.549871 0.441764 -0.708862 0.282993 0.699951 0.655731 -136.669 168.035 7.76367 -1.57709 49.6533 40.5993 0.528044
13072066297366  67079550742  7414  0.548134 0.445828 -0.707663 0.308001 0.679039 0.666364 -136.394 168.044 7.90664 7.28775 36.7607 34.2124 0.532231
13072066297370  67079559442  7415  0.476269 0.52444 -0.705784 0.371732 0.60732 0.702123 -131.868 163.129 9.02955 144.143 -123.765 59.5187 0.500635
13072066297382  67079568079  7416  0.400477 0.610175 -0.683597 0.404292 0.551826 0.729408 -127.327 157.411 9.90025 245.32 -266.479 70.4661 0.47086
13072066297387  67079576756  7417  0.374022 0.658162 -0.653399 0.437633 0.495908 0.750035 -124.592 154.656 10.4324 263.905 -280.065 68.0343 0.356594
13072066297396  67079585463  7418  0.440245 0.638813 -0.630953 0.537572 0.375319 0.755084 -123.282 163.401 9.56836 233.614 62.83 23.3796 0.369316
13072066297404  67079594124  7419  0.470507 0.624363 -0.623534 0.599861 0.291919 0.74495 -122.29 168.774 8.68235 201.98 211.003 -10.0203 0.373041
13072066297413  67079602800  7420  0.390888 0.688646 -0.610715 0.66906 0.243082 0.702332 -121.275 176.446 8.47718 179.345 390.192 -13.6475 0.276286
13072066297430  67079611459  7421  0.40272 0.697676 -0.592507 0.704315 0.177234 0.687407 -119.486 177.04 8.54776 186.609 304.75 -7.8554 0.293898
13072066297433  67079620135  7422  0.422023 0.687763 -0.590659 0.723437 0.137181 0.676624 -119.7 177.012 9.37745 130.363 222.798 19.6873 0.324436
13072066297444  67079628795  7423  0.450637 0.663109 -0.597672 0.769258 0.0512554 0.636879 -121.463 177.966 11.9274 41.641 192.862 92.7018 0.356469
13072066297448  67079637481  7424  0.46329 0.652585 -0.59958 0.807305 -0.0317126 0.589281 -122.637 178.545 14.0457 -5.46377 159.222 132.975 0.397668
13072066297462  67079646139  7425  0.464444 0.651383 -0.599994 0.83801 -0.104143 0.535624 -123.346 178.865 15.9699 -25.7767 126.742 156.692 0.440758
13072066297466  67079654849  7426  0.467416 0.653202 -0.595693 0.858178 -0.173477 0.483153 -124.189 179.152 17.7032 -44.7334 101.71 167.992 0.486452
13072066297474  67079663488  7427  0.465053 0.661403 -0.588448 0.871961 -0.227341 0.433589 -124.409 179.213 18.7546 -39.6451 76.6027 155.716 0.526526
13072066297494  67079672192  7428  0.466106 0.669595 -0.578263 0.879141 -0.277193 0.387654 -124.58 179.314 19.6964 -34.2973 59.2467 143.036 0.566656
13072066297496  67079680851  7429  0.462271 0.682922 -0.565617 0.885232 -0.318246 0.33924 -124.329 179.071 20.5255 -17.4667 36.0528 130.473 0.602264
13072066297508  67079689507  7430  0.467423 0.692045 -0.550082 0.884029 -0.368021 0.28819 -124.416 179.319 21.4735 -15.5115 34.0855 124.906 0.634828
13072066297510  67079698181  7431  0.478877 0.698887 -0.531257 0.875917 -0.42085 0.235912 -124.719 179.759 22.4063 -20.6734 38.5079 120.285 0.657585
13072066297522  67079706867  7432  0.479115 0.711953 -0.513392 0.871664 -0.45469 0.182919 -124.344 179.352 22.938 -3.65089 15.7709 104.547 0.686099
13072066297527  67079715518  7433  0.485479 0.718517 -0.49804 0.862545 -0.48656 0.138836 -124.306 179.507 23.4199 -1.51668 16.3585 91.5784 0.7099
13072066297540  67079724454  7434  0.496214 0.724328 -0.478666 0.847975 -0.522651 0.0881751 -124.535 179.597 23.8694 -8.11341 14.6377 80.3129 0.734271
13072066297544  67079732857  7435  0.498139 0.737746 -0.455619 0.833067 -0.552956 0.0154562 -124.066 178.953 24.1874 8.43261 -9.01197 69.3171 0.746619
13072066297554  67079741529  7436  0.51963 0.734565 -0.436346 0.800724 -0.596842 -0.0511957 -124.212 179.589 24.9351 1.70966 12.9161 73.8118 0.765071
13072066297575  67079750214  7437  0.525464 0.737827 -0.423672 0.787221 -0.610522 -0.0868659 -124.124 179.429 25.0592 3.96709 4.56709 57.9556 0.778644
13072066297597  67079758864  7438  0.530589 0.747531 -0.399591 0.764536 -0.625619 -0.155197 -123.715 178.916 25.0183 15.4621 -12.4112 41.3164 0.791725
13072066297608  67079784861  7441  0.562278 0.750356 -0.347577 0.691379 -0.657156 -0.300234 -123.562 178.409 25.3767 5.8883 -14.0939 25.8757 0.821412
13072066297619  67079793616  7442  0.577654 0.746499 -0.330235 0.6598 -0.665194 -0.349543 -123.612 178.092 25.54 2.76663 -20.034 23.9371 0.833885
13072066297621  67079802248  7443  0.594299 0.74043 -0.313961 0.626537 -0.671005 -0.396488 -123.645 177.758 25.6804 1.04162 -24.9582 21.9044 0.844188
13072066297633  67079810929  7444  0.609917 0.732582 -0.302201 0.596133 -0.675398 -0.434124 -123.617 177.481 25.8473 1.6205 -26.8335 21.1916 0.856016
13072066297636  67079819620  7445  0.623105 0.724427 -0.294864 0.570449 -0.678848 -0.462335 -123.588 177.302 26.0419 2.08142 -25.1634 21.5112 0.861451
13072066297650  67079828249  7446  0.634205 0.71712 -0.289005 0.549104 -0.680915 -0.484602 -123.568 177.09 26.125 2.13158 -24.9995 18.3631 0.872374
13072066297652  67079836923  7447  0.647745 0.706916 -0.28407 0.521472 -0.683225 -0.511147 -123.461 176.695 26.2038 4.85293 -30.4811 15.8944 0.882817
13072066297663  67079845609  7448  0.661373 0.695809 -0.280064 0.487504 -0.682539 -0.5445 -123.106 175.996 26.1338 14.4365 -43.7926 9.51385 0.890826
13072066297666  67079854248  7449  0.673244 0.684528 -0.279577 0.460387 -0.683937 -0.565928 -122.891 175.406 26.0602 17.2307 -50.3002 4.73242 0.899994
13072066297680  67079862939  7450  0.684726 0.673183 -0.27924 0.429722 -0.682384 -0.591346 -122.651 174.569 25.8381 19.9875 -62.5374 -3.34317 0.90444
13072066297683  67079871616  7451  0.69429 0.662696 -0.280704 0.403991 -0.68165 -0.610037 -122.467 173.835 25.599 20.3173 -68.4203 -9.78577 0.912615
13072066297695  67079880286  7452  0.702723 0.652898 -0.282675 0.385301 -0.683247 -0.620255 -122.541 173.523 25.4245 12.6235 -59.7807 -12.538 0.920019
13072066297700  67079888970  7453  0.708674 0.644355 -0.287382 0.366384 -0.684197 -0.630585 -122.376 172.893 25.2671 14.329 -63.2055 -14.0243 0.926931
13072066297709  67079897605  7454  0.714211 0.636406 -0.29136 0.347725 -0.683882 -0.641399 -122.1 171.947 24.8534 19.0074 -75.4914 -23.009 0.933271
13072066297717  67079906299  7455  0.719983 0.628191 -0.294958 0.329105 -0.683245 -0.651817 -121.936 171.132 24.4196 18.9564 -80.3521 -30.1772 0.93708
13072066297726  67079914945  7456  0.72377 0.622222 -0.298322 0.317358 -0.684044 -0.656786 -121.93 170.718 24.185 14.1208 -71.729 -29.369 0.940914
13072066297745  67079923623  7457  0.72594 0.616944 -0.303959 0.305302 -0.685096 -0.661388 -121.845 170.083 24.1185 12.9816 -72.11 -23.5905 0.944482
13072066297747  67079932321  7458  0.727315 0.613939 -0.306745 0.297975 -0.685112 -0.664705 -121.789 169.447 23.7951 11.2127 -72.3931 -27.2158 0.948612
13072066297757  67079940993  7459  0.728679 0.611017 -0.309331 0.292751 -0.686228 -0.665874 -121.774 169.112 23.5382 8.69147 -63.4041 -27.8556 0.95118
13072066297761  67079949665  7460  0.730574 0.607647 -0.31149 0.287434 -0.687457 -0.666921 -121.772 168.829 23.2344 6.45354 -55.2083 -29.7646 0.949744
13072066297774  67079958354  7461  0.732066 0.604638 -0.313835 0.283052 -0.68901 -0.667193 -121.709 168.587 22.9076 6.66059 -47.9108 -31.8581 0.95274
13072066297778  67079967031  7462  0.732807 0.602305 -0.31658 0.279576 -0.690694 -0.666918 -121.64 168.296 22.5702 7.00059 -44.0851 -33.7255 0.95633
13072066297791  67079975715  7463  0.733247 0.599325 -0.321184 0.275374 -0.693623 -0.665625 -121.548 168.083 22.4606 7.97971 -38.8856 -28.1057 0.959695
13072066297795  67079984331  7464  0.733289 0.597005 -0.325381 0.272073 -0.696222 -0.664267 -121.497 167.898 22.369 7.43522 -34.2768 -23.483 0.962323
13072066297806  67079993008  7465  0.733277 0.594956 -0.32914 0.269289 -0.698617 -0.662886 -121.495 167.725 22.2744 5.51123 -30.4727 -20.1327 0.965027
13072066297821  67080001711  7466  0.733434 0.592602 -0.333013 0.266258 -0.701199 -0.661383 -121.526 167.55 22.1529 3.0876 -27.6866 -18.4874 0.967578
13072066297823  67080010386  7467  0.733862 0.590032 -0.336614 0.26259 -0.703414 -0.660496 -121.581 167.396 22.0218 0.567823 -25.0634 -17.589 0.96975
13072066297836  67080019057  7468  0.734675 0.586878 -0.340333 0.257278 -0.705202 -0.66068 -121.69 167.174 21.7887 -2.9172 -25.202 -20.0613 0.969116
13072066297838  67080027718  7469  0.735101 0.584056 -0.344247 0.25217 -0.706891 -0.660845 -121.773 166.988 21.6576 -4.69009 -24.2162 -18.7523 0.933648
13072066297853  67080036406  7470  0.734935 0.582215 -0.347701 0.249556 -0.70895 -0.659631 -121.828 166.886 21.6303 -5.12064 -20.869 -14.5932 0.938789
13072066297855  67080045041  7471  0.734711 0.580357 -0.351263 0.247257 -0.711272 -0.657994 -121.916 166.747 21.5873 -6.47302 -19.6189 -12.0426 0.942364
13072066297865  67080053719  7472  0.734076 0.57914 -0.354583 0.246803 -0.71399 -0.655215 -122.052 166.642 21.4903 -8.93921 -17.6027 -11.8149 0.947078
13072066297873  67080062395  7473  0.733127 0.578668 -0.357308 0.246508 -0.715756 -0.653396 -122.103 166.584 21.4334 -8.11351 -14.7149 -10.4133 0.951661
13072066297888  67080071077  7474  0.73269 0.577711 -0.359744 0.246053 -0.717706 -0.651426 -122.141 166.597 21.3949 -7.10348 -10.3802 -8.82138 0.955876
13072066297898  67080079744  7475  0.732283 0.576567 -0.362398 0.245347 -0.719784 -0.649397 -122.173 166.626 21.3608 -6.20142 -6.75049 -7.52282 0.959698
13072066297900  67080088432  7476  0.731773 0.575271 -0.365473 0.244758 -0.722283 -0.646839 -122.212 166.667 21.316 -5.7406 -3.67594 -6.89168 0.963222
13072066297912  67080097136  7477  0.731229 0.573817 -0.368835 0.244091 -0.725016 -0.644027 -122.261 166.708 21.2484 -5.73157 -1.43687 -7.12736 0.966441
13072066297916  67080105742  7478  0.730578 0.573109 -0.371216 0.244197 -0.726981 -0.641768 -122.286 166.713 21.2057 -4.97633 -0.918149 -6.5531 0.969333
13072066297930  67080114436  7479  0.72976 0.572352 -0.373982 0.244435 -0.729252 -0.639095 -122.335 166.708 21.1367 -5.15575 -0.809527 -6.92199 0.972018
13072066297934  67080123119  7480  0.729002 0.571526 -0.376716 0.244497 -0.731446 -0.636559 -122.387 166.711 21.078 -5.3617 -0.507828 -6.87784 0.974308
13072066297945  67080131747  7481  0.728142 0.570816 -0.379446 0.244705 -0.733597 -0.633999 -122.451 166.693 21.0103 -5.9219 -0.942062 -7.1369 0.976541
13072066297951  67080140466  7482  0.726546 0.571019 -0.38219 0.246146 -0.7356 -0.631114 -122.528 166.579 20.8949 -6.69105 -4.17658 -8.76588 0.9786
13072066297959  67080149120  7483  0.725066 0.57119 -0.384735 0.247342 -0.737366 -0.62858 -122.587 166.474 20.8139 -6.7349 -6.29046 -8.92486 0.980465
13072066297977  67080157819  7484  0.723674 0.571349 -0.387112 0.248527 -0.73903 -0.626154 -122.662 166.37 20.718 -7.23855 -7.81349 -9.48362 0.982176
13072066297979  67080166480  7485  0.722432 0.571631 -0.38901 0.249669 -0.740309 -0.624186 -122.705 166.289 20.6368 -6.61709 -8.22362 -9.45625 0.983717
13072066297992  67080175154  7486  0.721265 0.571824 -0.39089 0.250609 -0.741534 -0.622353 -122.736 166.206 20.5724 -5.81442 -8.55821 -8.91381 0.985009
13072066297994  67080183810  7487  0.720264 0.571967 -0.392522 0.251437 -0.742613 -0.620729 -122.757 166.135 20.5249 -4.90819 -8.47954 -8.00316 0.986186
13072066298007  67080192541  7488  0.719363 0.5721 -0.393977 0.252229 -0.743592 -0.619234 -122.772 166.07 20.4855 -4.05022 -8.18131 -7.06907 0.987262
13072066298011  67080201131  7489  0.718514 0.572245 -0.395314 0.252882 -0.744422 -0.61797 -122.779 166.01 20.4577 -3.19766 -7.88179 -6.05812 0.988173
13072066298024  67080209808  7490  0.717973 0.57219 -0.396375 0.253172 -0.745108 -0.617024 -122.781 165.979 20.4447 -2.43099 -6.73657 -4.84352 0.98896
13072066298046  67080235852  7491  0.717597 0.57198 -0.397357 0.253297 -0.745808 -0.616126 -122.779 165.965 20.4438 -0.915129 -2.98154 -1.93603 1
13072066298055  67080244483  7492  0.717487 0.571918 -0.397646 0.253334 -0.746014 -0.615861 -122.779 165.961 20.4435 -0.655132 -2.31619 -1.43196 1
13072066298069  67080253209  7493  0.717109 0.571828 -0.398457 0.253579 -0.746588 -0.615064 -122.777 165.944 20.4424 -0.41265 -2.21651 -1.08037 1
13072066298072  67080261860  7494  0.716661 0.571768 -0.399348 0.25392 -0.74722 -0.614155 -122.775 165.921 20.4394 -0.245914 -2.34445 -0.887753 1
13072066298086  67080270512  7495  0.715677 0.572056 -0.400696 0.255029 -0.748136 -0.612579 -122.767 165.842 20.4227 0.0591333 -4.14867 -1.1632 1
13072066298089  67080279218  7496  0.714603 0.572456 -0.402041 0.256299 -0.749024 -0.610962 -122.755 165.747 20.4009 0.410292 -5.95305 -1.52289 1
13072066298101  67080287867  7497  0.713295 0.573215 -0.403279 0.257974 -0.749738 -0.609378 -122.732 165.614 20.3672 1.00946 -8.442 -2.15137 1
13072066298107  67080296571  7498  0.712116 0.57394 -0.404331 0.259544 -0.750336 -0.607974 -122.723 165.469 20.2902 1.00131 -10.6295 -3.93913 1
13072066298116  67080305215  7499  0.710918 0.574719 -0.405331 0.260938 -0.750765 -0.606847 -122.7 165.338 20.2462 1.45562 -11.8382 -4.24403 1
13072066298132  67080313859  7500  0.709703 0.57568 -0.406097 0.262398 -0.750957 -0.60598 -122.685 165.18 20.1878 1.52384 -13.5379 -4.90974 1
13072066298134  67080322547  7501  0.708797 0.576212 -0.406925 0.263301 -0.751276 -0.605192 -122.67 165.086 20.1557 1.59231 -12.8087 -4.58665 1
13072066298148  67080331233  7502  0.708073 0.576583 -0.407659 0.263989 -0.75159 -0.604501 -122.66 165.019 20.1307 1.47453 -11.4587 -4.13239 1
13072066298151  67080339876  7503  0.707561 0.576806 -0.408229 0.264551 -0.751903 -0.603867 -122.658 164.973 20.106 1.13488 -9.8222 -3.7931 1
13072066298166  67080348601  7504  0.707111 0.576995 -0.408744 0.265064 -0.752198 -0.603274 -122.658 164.935 20.0827 0.827248 -8.38337 -3.49316 1
13072066298168  67080357247  7505  0.706661 0.577203 -0.409227 0.265589 -0.752466 -0.602709 -122.661 164.898 20.0606 0.525584 -7.27182 -3.24379 1
13072066298181  67080365918  7506  0.706138 0.577487 -0.409728 0.266236 -0.752732 -0.602091 -122.667 164.857 20.0365 0.198971 -6.60869 -3.12053 1
13072066298185  67080374591  7507  0.705735 0.577672 -0.410162 0.266717 -0.752976 -0.601572 -122.674 164.831 20.0168 -0.0561952 -5.64405 -2.89341 1
13072066298193  67080383226  7508  0.705422 0.577723 -0.41063 0.267035 -0.753275 -0.601057 -122.681 164.818 20 -0.264803 -4.54412 -2.64281 1
13072066298210  67080391932  7509  0.705073 0.577831 -0.411074 0.267415 -0.753541 -0.600554 -122.69 164.8 19.9821 -0.484176 -3.89195 -2.48747 1
13072066298212  67080400638  7510  0.704673 0.577992 -0.411537 0.267829 -0.753783 -0.600065 -122.7 164.777 19.9624 -0.660178 -3.56357 -2.42787 1
13072066298225  67080409265  7511  0.704294 0.578134 -0.411983 0.268179 -0.754003 -0.599632 -122.709 164.756 19.9457 -0.760078 -3.26813 -2.29678 1
13072066298228  67080417944  7512  0.704039 0.578189 -0.412343 0.268458 -0.754232 -0.599219 -122.717 164.748 19.9369 -0.792518 -2.62314 -1.95608 1
13072066298241  67080426633  7513  0.703763 0.578269 -0.412702 0.268707 -0.754424 -0.598867 -122.722 164.737 19.931 -0.727446 -2.26855 -1.61642 1
13072066298246  67080435304  7514  0.703406 0.578408 -0.413116 0.26904 -0.754623 -0.598466 -122.722 164.721 19.9301 -0.556148 -2.15946 -1.21214 1
13072066298260  67080443949  7515  0.702597 0.578898 -0.413806 0.269074 -0.754481 -0.59863 -122.708 164.625 19.9235 0.018622 -4.5295 -1.09429 0.985692
13072066298263  67080452613  7516  0.701875 0.579292 -0.414478 0.269386 -0.754546 -0.598408 -122.683 164.556 19.9108 0.803485 -5.43564 -1.19205 0.986804
13072066298276  67080461327  7517  0.701237 0.57933 -0.415504 0.270383 -0.755383 -0.5969 -122.642 164.57 19.9322 1.83905 -3.56998 -0.217984 0.987961
13072066298289  67080469994  7518  0.699931 0.578325 -0.419089 0.272209 -0.758509 -0.592087 -122.533 164.695 20.1083 4.70288 1.20961 5.24223 0.863504
13072066298292  67080478636  7519  0.696978 0.57985 -0.421895 0.276607 -0.760204 -0.58786 -122.198 164.567 20.2466 13.7156 -3.03958 8.09687 0.873678
13072066298308  67080487360  7520  0.694769 0.579414 -0.426116 0.283775 -0.765229 -0.577838 -121.849 164.724 20.4398 20.7689 2.58882 11.8539 0.884772
13072066298310  67080496018  7521  0.69168 0.58026 -0.429972 0.292158 -0.769287 -0.568191 -121.274 164.691 20.6995 32.8754 0.882634 16.6752 0.894467
13072066298317  67080504694  7522  0.688387 0.580833 -0.434462 0.303153 -0.774538 -0.555148 -120.399 164.632 21.0252 50.9841 -1.16367 22.2283 0.903686
13072066298325  67080513311  7523  0.685156 0.581009 -0.439307 0.317135 -0.780897 -0.538169 -119.544 164.75 21.5629 63.7362 2.77321 32.8579 0.911981
13072066298338  67080522033  7524  0.68348 0.580713 -0.442298 0.328579 -0.785806 -0.52397 -118.667 164.92 22.0816 73.5871 7.25745 39.9732 0.918794
13072066298341  67080530648  7525  0.682894 0.580006 -0.444127 0.336476 -0.789367 -0.513502 -117.693 165.139 22.664 84.0213 12.0618 47.2822 0.925841
13072066298353  67080539381  7526  0.683838 0.578575 -0.444541 0.343416 -0.792786 -0.503543 -116.557 165.642 23.1294 96.341 24.253 48.8906 0.93236
13072066298367  67080548011  7527  0.684793 0.579091 -0.442393 0.346434 -0.792776 -0.501487 -115.271 165.898 23.6531 110.313 25.6721 52.0147 0.938148
13072066298370  67080556703  7528  0.68704 0.578238 -0.440019 0.347133 -0.793194 -0.500343 -114.201 166.19 24.4107 113.719 27.7804 61.3823 0.94138
13072066298385  67080565350  7529  0.68824 0.579207 -0.436858 0.348948 -0.792221 -0.500621 -112.829 166.488 25.0683 125.638 29.5532 65.2744 0.946154
13072066298388  67080574021  7530  0.690794 0.579138 -0.432902 0.349818 -0.79167 -0.500885 -111.621 166.991 25.6694 129.269 37.1244 66.3533 0.950436
13072066298399  67080582721  7531  0.690075 0.583609 -0.428016 0.355073 -0.788336 -0.502443 -110.193 167.173 26.2674 138.579 32.8086 66.9899 0.953906
13072066298403  67080591378  7532  0.690086 0.586436 -0.424115 0.357398 -0.785713 -0.504897 -108.846 167.373 26.8465 143.106 30.2161 66.9626 0.956927
13072066298413  67080600072  7533  0.692737 0.583204 -0.42425 0.36342 -0.790406 -0.493136 -107.795 168.27 27.5059 137.174 49.6907 69.3325 0.960612
13072066298433  67080608774  7534  0.698193 0.573541 -0.428459 0.371379 -0.801819 -0.468148 -106.606 169.911 27.9932 137.034 86.7539 65.7745 0.964063
13072066298446  67080617401  7535  0.699485 0.575211 -0.424092 0.374179 -0.800366 -0.468406 -105.735 169.835 28.1995 127.48 61.4416 54.6873 0.966831
13072066298449  67080634762  7537  0.703633 0.567562 -0.427521 0.365866 -0.805163 -0.466748 -103.579 170.252 29.2287 127.004 45.7458 56.3846 0.919479
13072066298462  67080643405  7538  0.700887 0.573767 -0.423731 0.367969 -0.799771 -0.474305 -102.137 169.901 29.2221 137.573 22.8559 41.2248 0.923261
13072066298466  67080652090  7539  0.698329 0.579939 -0.419532 0.369986 -0.79421 -0.482016 -100.684 169.432 29.2496 145.496 2.37726 31.0858 0.92512
13072066298491  67080660780  7540  0.697871 0.578121 -0.422791 0.372171 -0.797063 -0.475583 -99.7191 170.127 29.5374 136.309 23.0637 31.6272 0.927238
13072066298501  67080678152  7542  0.697645 0.581092 -0.419074 0.357479 -0.789256 -0.499283 -97.6805 169.586 29.7714 130.042 -7.2589 21.3031 0.637091
13072066298512  67080686747  7543  0.698025 0.576373 -0.424918 0.35277 -0.793185 -0.496398 -96.5612 170.458 30.0589 130.093 21.4339 24.5097 0.652898
13072066298525  67080704089  7545  0.702683 0.561909 -0.436458 0.332099 -0.801532 -0.497249 -94.3528 171.77 30.7144 130.332 45.492 30.4942 0.666239
13072066298528  67080712788  7546  0.707688 0.550858 -0.442418 0.319757 -0.808104 -0.494696 -93.5008 172.324 31.1375 121.692 50.3663 35.3342 0.608522
13072066298540  67080721461  7547  0.727596 0.506305 -0.462882 0.28592 -0.837165 -0.466267 -92.215 173.842 31.5386 128.756 83.5142 38.2353 0.596346
13072066298542  67080730133  7548  0.739948 0.474053 -0.477233 0.265356 -0.857643 -0.440495 -90.9498 175.104 31.8399 133.318 100.037 37.3086 0.595139
13072066298554  67080738786  7549  0.747704 0.45716 -0.481604 0.258492 -0.86845 -0.423055 -90.1792 175.657 32.0095 121.565 90.4398 32.6056 0.545869
13072066298559  67080747479  7550  0.751116 0.44799 -0.484902 0.251598 -0.873331 -0.417124 -89.2783 175.982 32.1649 116.782 76.2851 28.6785 0.471251
13072066298573  67080756116  7551  0.761893 0.415834 -0.496589 0.229163 -0.890166 -0.393813 -88.0706 176.576 32.346 122.895 74.3083 26.6325 0.398204
13072066298577  67080764811  7552  0.746154 0.447302 -0.493128 0.251922 -0.875301 -0.412776 -86.398 175.807 32.9494 141.418 30.8824 38.0372 0.240814
13072066298584  67080773476  7553  0.753374 0.411344 -0.513053 0.229222 -0.895536 -0.381409 -84.7451 175.565 33.0714 154.534 15.2584 31.6664 0.251765
13072066298603  67080782153  7554  0.751677 0.410362 -0.516319 0.2214 -0.89443 -0.388557 -83.7682 175.465 33.2009 143.368 8.1319 27.2122 0.23613
13072066298606  67080790841  7555  0.755932 0.395298 -0.521829 0.209486 -0.901263 -0.379263 -82.4496 175.959 33.28 145.608 21.1058 22.3863 0.220455
13072066298619  67080799512  7556  0.762181 0.357485 -0.539709 0.162462 -0.912647 -0.375076 -80.4505 175.425 32.8098 168.206 -0.879473 2.00406 0.201367
13072066298621  67080808148  7557  0.758947 0.378202 -0.530058 0.173916 -0.902196 -0.394709 -79.8967 175.923 33.4152 140.612 14.6311 20.0588 0.12601
13072066298634  67080816871  7558  0.753426 0.379249 -0.53714 0.189867 -0.907586 -0.374484 -78.7714 177.335 33.7064 137.508 54.0136 23.6213 0.126177
